<svg version="1.1" xmlns="http://www.w3.org/2000/svg" viewBox="0 0 590 337.5" filter="invert(93%) hue-rotate(180deg)" class="excalidraw-svg">
  <!-- svg-source:excalidraw -->
  
  <defs>
    <style class="style-fonts">
      @font-face {
        font-family: "Virgil";
        src: url("https://excalidraw.com/Virgil.woff2");
      }
      @font-face {
        font-family: "Cascadia";
        src: url("https://excalidraw.com/Cascadia.woff2");
      }
      @font-face {
        font-family: "Assistant";
        src: url("https://excalidraw.com/Assistant-Regular.woff2");
      }
    </style>
    
  </defs>
  <rect x="0" y="0" width="590" height="337.5" fill="#ffffff"/><g stroke-linecap="round" transform="translate(10 10) rotate(0 285 158.75)"><path d="M32 0 C160.5 -1.03, 287.3 -1.58, 538 0 M32 0 C175.39 -0.24, 318.07 0.25, 538 0 M538 0 C559.52 -0.56, 571.84 12.49, 570 32 M538 0 C557.55 1.18, 569.17 8.66, 570 32 M570 32 C571.18 110.42, 571.21 189.53, 570 285.5 M570 32 C571.59 124.51, 570.54 218.39, 570 285.5 M570 285.5 C569.05 307.47, 559.35 319.06, 538 317.5 M570 285.5 C568.32 307.75, 558.83 319.4, 538 317.5 M538 317.5 C385.06 318.59, 232.45 317.97, 32 317.5 M538 317.5 C406.98 317.22, 276.26 317.64, 32 317.5 M32 317.5 C12.45 318.84, 1.22 306.94, 0 285.5 M32 317.5 C12.03 317.75, 1.69 309.07, 0 285.5 M0 285.5 C-0.38 218.68, -1.72 152.92, 0 32 M0 285.5 C0.11 202.87, -0.03 121.84, 0 32 M0 32 C0.66 11.35, 12.66 -0.38, 32 0 M0 32 C1.86 10.75, 12.13 -2.09, 32 0" stroke="#1e1e1e" stroke-width="1" fill="none"/></g><g stroke-linecap="round" transform="translate(428.5 15) rotate(0 73 84)"><path d="M32 0 C59.91 -2.27, 88.29 1.47, 114 0 M32 0 C58.31 1.31, 82.8 1.61, 114 0 M114 0 C134 1.99, 144.51 8.89, 146 32 M114 0 C133.2 -0.07, 146.51 9.55, 146 32 M146 32 C146.96 61.14, 147.38 88.01, 146 136 M146 32 C146.56 53.32, 146.9 73.86, 146 136 M146 136 C147.36 158.69, 135.63 167.95, 114 168 M146 136 C145.96 158, 134.29 166.99, 114 168 M114 168 C87.06 166.66, 59.05 167.87, 32 168 M114 168 C94.47 167.27, 75.87 168.49, 32 168 M32 168 C11.03 168.24, -1.53 158.69, 0 136 M32 168 C10.73 167.1, -1.41 157.99, 0 136 M0 136 C-1.95 116.28, 0.56 95.93, 0 32 M0 136 C-0.59 114.82, -0.87 93.76, 0 32 M0 32 C-1.95 12.26, 9.53 -0.73, 32 0 M0 32 C-2.26 8.6, 9.85 -1.33, 32 0" stroke="#1e1e1e" stroke-width="1" fill="none"/></g><g transform="translate(456.5 36) rotate(0 -3.5 13.25)" stroke="none"><path fill="#1e1e1e" d="M 1.30,0.15 Q 1.30,0.15 1.77,2.68 2.25,5.22 1.66,7.59 1.07,9.96 0.37,12.24 -0.31,14.52 -1.05,16.55 -1.80,18.58 -2.38,20.25 -2.96,21.92 -3.33,23.27 -3.70,24.62 -4.92,26.05 -6.14,27.49 -6.22,27.68 -6.31,27.88 -6.45,28.03 -6.59,28.19 -6.78,28.29 -6.96,28.40 -7.17,28.44 -7.38,28.48 -7.59,28.45 -7.80,28.42 -7.99,28.32 -8.18,28.23 -8.33,28.08 -8.48,27.93 -8.57,27.74 -8.67,27.55 -8.70,27.34 -8.72,27.13 -8.68,26.92 -8.64,26.71 -8.54,26.52 -8.43,26.34 -8.27,26.20 -8.12,26.06 -7.92,25.97 -7.72,25.89 -7.51,25.87 -7.30,25.86 -7.09,25.91 -6.89,25.96 -6.71,26.08 -6.53,26.19 -6.40,26.36 -6.27,26.52 -6.19,26.72 -6.12,26.92 -6.12,27.13 -6.11,27.35 -6.17,27.55 -6.24,27.75 -6.36,27.92 -6.49,28.10 -6.66,28.22 -6.83,28.34 -7.04,28.40 -7.24,28.47 -7.45,28.46 -7.66,28.45 -7.86,28.38 -8.06,28.31 -8.23,28.17 -8.39,28.04 -8.51,27.86 -8.62,27.68 -8.67,27.47 -8.72,27.27 -8.70,27.06 -8.69,26.84 -8.69,26.84 -8.69,26.84 -8.91,24.98 -9.12,23.12 -8.70,21.59 -8.28,20.07 -7.68,18.35 -7.08,16.64 -6.39,14.77 -5.71,12.90 -5.07,10.73 -4.43,8.56 -3.91,6.56 -3.40,4.55 -2.35,2.19 -1.30,-0.15 -1.26,-0.30 -1.22,-0.46 -1.15,-0.60 -1.08,-0.74 -0.97,-0.86 -0.87,-0.97 -0.74,-1.07 -0.61,-1.16 -0.46,-1.21 -0.31,-1.27 -0.16,-1.29 -0.00,-1.31 0.15,-1.29 0.30,-1.27 0.45,-1.22 0.60,-1.16 0.73,-1.07 0.86,-0.98 0.97,-0.86 1.07,-0.74 1.15,-0.61 1.22,-0.47 1.26,-0.31 1.30,-0.16 1.30,-0.00 1.30,0.15 1.30,0.15 L 1.30,0.15 Z"/></g><g transform="translate(441 50.5) rotate(0 8 1)" stroke="none"><path fill="#1e1e1e" d="M 0.10,-1.30 Q 0.10,-1.30 2.03,-2.01 3.97,-2.71 6.38,-2.08 8.79,-1.44 10.44,-1.04 12.09,-0.64 13.71,-0.00 15.34,0.63 15.54,0.68 15.75,0.73 15.93,0.84 16.11,0.96 16.24,1.12 16.38,1.28 16.45,1.48 16.53,1.68 16.54,1.89 16.54,2.11 16.48,2.31 16.42,2.51 16.30,2.69 16.18,2.86 16.00,2.99 15.83,3.11 15.63,3.18 15.43,3.24 15.21,3.23 15.00,3.23 14.80,3.16 14.60,3.09 14.44,2.96 14.27,2.82 14.15,2.64 14.04,2.47 13.99,2.26 13.93,2.06 13.95,1.84 13.96,1.63 14.05,1.44 14.13,1.24 14.27,1.08 14.41,0.92 14.59,0.82 14.78,0.71 14.99,0.67 15.20,0.63 15.41,0.65 15.62,0.68 15.81,0.77 16.00,0.87 16.15,1.02 16.30,1.17 16.40,1.36 16.49,1.54 16.52,1.76 16.55,1.97 16.52,2.17 16.48,2.38 16.37,2.57 16.27,2.75 16.11,2.90 15.96,3.04 15.76,3.13 15.57,3.21 15.35,3.23 15.14,3.25 15.14,3.25 15.14,3.25 13.35,3.64 11.55,4.02 9.57,4.01 7.60,3.99 5.55,3.64 3.50,3.28 1.70,2.29 -0.10,1.30 -0.25,1.27 -0.41,1.24 -0.55,1.17 -0.69,1.11 -0.82,1.01 -0.94,0.91 -1.03,0.78 -1.13,0.66 -1.19,0.51 -1.26,0.37 -1.28,0.21 -1.31,0.05 -1.29,-0.10 -1.28,-0.25 -1.23,-0.40 -1.18,-0.55 -1.10,-0.69 -1.02,-0.82 -0.90,-0.93 -0.79,-1.04 -0.65,-1.12 -0.51,-1.20 -0.36,-1.25 -0.21,-1.29 -0.05,-1.30 0.10,-1.30 0.10,-1.30 L 0.10,-1.30 Z"/></g><g transform="translate(468.5 49.5) rotate(0 -4.25 3.75)" stroke="none"><path fill="#1e1e1e" d="M -1.12,0.67 Q -1.12,0.67 -1.83,0.32 -2.54,-0.02 -3.81,1.31 -5.07,2.66 -5.89,3.62 -6.70,4.59 -7.30,5.80 -7.90,7.02 -6.49,7.03 -5.08,7.04 -4.04,6.34 -3.01,5.65 -2.31,4.83 -1.60,4.00 -1.28,2.85 -0.97,1.69 -2.42,0.54 -3.88,-0.61 -4.07,-0.69 -4.27,-0.78 -4.42,-0.92 -4.58,-1.07 -4.68,-1.25 -4.78,-1.44 -4.82,-1.65 -4.86,-1.86 -4.83,-2.07 -4.80,-2.28 -4.70,-2.47 -4.60,-2.66 -4.45,-2.80 -4.30,-2.95 -4.11,-3.05 -3.92,-3.14 -3.71,-3.16 -3.50,-3.19 -3.29,-3.15 -3.08,-3.11 -2.90,-3.00 -2.71,-2.89 -2.57,-2.73 -2.43,-2.57 -2.35,-2.38 -2.27,-2.18 -2.25,-1.97 -2.24,-1.76 -2.29,-1.55 -2.35,-1.35 -2.46,-1.17 -2.58,-0.99 -2.75,-0.86 -2.91,-0.73 -3.11,-0.66 -3.31,-0.59 -3.53,-0.58 -3.74,-0.58 -3.94,-0.64 -4.14,-0.71 -4.31,-0.83 -4.49,-0.96 -4.61,-1.13 -4.73,-1.31 -4.79,-1.51 -4.85,-1.72 -4.84,-1.93 -4.83,-2.14 -4.76,-2.34 -4.68,-2.54 -4.55,-2.70 -4.41,-2.87 -4.23,-2.98 -4.05,-3.09 -3.85,-3.14 -3.64,-3.19 -3.43,-3.17 -3.22,-3.15 -3.22,-3.15 -3.22,-3.15 -0.29,-2.66 2.63,-2.18 3.63,-0.36 4.63,1.45 4.42,3.22 4.22,4.99 3.30,6.52 2.39,8.05 0.92,9.30 -0.54,10.55 -2.59,11.36 -4.63,12.16 -6.50,12.07 -8.37,11.98 -9.80,11.03 -11.23,10.09 -11.91,8.53 -12.59,6.97 -12.27,5.31 -11.94,3.66 -11.05,2.43 -10.17,1.21 -8.05,-0.48 -5.93,-2.18 -4.87,-2.80 -3.80,-3.43 -2.59,-3.65 -1.38,-3.88 -0.28,-3.36 0.81,-2.84 0.97,-1.76 1.12,-0.67 1.19,-0.53 1.25,-0.38 1.28,-0.23 1.31,-0.07 1.30,0.08 1.29,0.24 1.24,0.39 1.19,0.54 1.11,0.67 1.03,0.81 0.91,0.92 0.80,1.03 0.67,1.11 0.53,1.19 0.38,1.24 0.23,1.29 0.07,1.30 -0.08,1.31 -0.23,1.28 -0.39,1.25 -0.53,1.18 -0.68,1.12 -0.80,1.02 -0.93,0.92 -1.02,0.80 -1.12,0.67 -1.12,0.67 L -1.12,0.67 Z"/></g><g transform="translate(482 48) rotate(0 2.5 -8.25)" stroke="none"><path fill="#1e1e1e" d="M -1.02,0.82 Q -1.02,0.82 -1.46,0.57 -1.90,0.33 -2.93,1.15 -3.95,1.97 -4.77,2.89 -5.60,3.81 -4.86,2.94 -4.11,2.07 -2.17,1.35 -0.23,0.64 0.90,-0.33 2.04,-1.30 2.96,-2.51 3.89,-3.71 4.73,-5.50 5.58,-7.29 6.43,-9.10 7.28,-10.90 8.08,-12.66 8.88,-14.43 9.33,-15.78 9.77,-17.13 9.87,-18.42 9.97,-19.71 10.00,-20.25 10.03,-20.79 10.05,-21.09 10.07,-21.39 10.16,-21.67 10.25,-21.96 10.41,-22.21 10.57,-22.47 10.78,-22.68 10.99,-22.89 11.25,-23.04 11.51,-23.19 11.80,-23.28 12.08,-23.37 12.38,-23.38 12.68,-23.40 12.98,-23.34 13.27,-23.29 13.54,-23.16 13.81,-23.03 14.05,-22.85 14.28,-22.66 14.46,-22.42 14.65,-22.19 14.77,-21.91 14.89,-21.64 14.94,-21.34 14.99,-21.05 15.25,-19.59 15.51,-18.14 15.60,-16.34 15.68,-14.55 15.41,-12.09 15.14,-9.62 14.75,-7.15 14.36,-4.68 14.08,-2.66 13.80,-0.64 12.83,2.01 11.87,4.67 11.80,4.87 11.74,5.07 11.62,5.25 11.49,5.42 11.32,5.54 11.14,5.66 10.94,5.72 10.74,5.79 10.52,5.78 10.31,5.77 10.11,5.70 9.91,5.62 9.75,5.49 9.58,5.35 9.47,5.17 9.36,4.99 9.31,4.79 9.26,4.58 9.28,4.37 9.30,4.16 9.38,3.96 9.47,3.77 9.61,3.61 9.75,3.45 9.94,3.35 10.13,3.25 10.33,3.21 10.54,3.17 10.75,3.20 10.96,3.23 11.15,3.33 11.34,3.42 11.49,3.57 11.64,3.72 11.73,3.92 11.83,4.11 11.85,4.32 11.88,4.53 11.84,4.74 11.80,4.94 11.69,5.13 11.59,5.31 11.43,5.45 11.27,5.59 11.07,5.68 10.88,5.76 10.66,5.77 10.45,5.79 10.25,5.74 10.04,5.68 9.86,5.57 9.68,5.45 9.55,5.29 9.42,5.12 9.35,4.92 9.28,4.72 9.27,4.51 9.27,4.30 9.27,4.30 9.27,4.30 9.19,1.47 9.11,-1.35 9.45,-3.39 9.79,-5.43 10.19,-7.77 10.59,-10.12 10.82,-12.22 11.05,-14.32 10.97,-15.83 10.88,-17.34 10.45,-19.07 10.03,-20.79 10.05,-21.09 10.07,-21.39 10.16,-21.67 10.25,-21.96 10.41,-22.21 10.57,-22.47 10.78,-22.68 10.99,-22.89 11.25,-23.04 11.51,-23.19 11.80,-23.28 12.08,-23.37 12.38,-23.38 12.68,-23.40 12.97,-23.34 13.27,-23.29 13.54,-23.16 13.81,-23.03 14.05,-22.85 14.28,-22.66 14.46,-22.42 14.65,-22.19 14.77,-21.91 14.89,-21.64 14.94,-21.34 14.99,-21.05 15.09,-20.57 15.18,-20.10 15.23,-19.03 15.27,-17.95 15.03,-16.72 14.78,-15.48 14.25,-13.87 13.73,-12.26 12.92,-10.43 12.11,-8.61 11.19,-6.70 10.28,-4.80 9.01,-2.60 7.74,-0.40 6.39,1.01 5.04,2.42 3.53,3.56 2.02,4.69 0.27,5.68 -1.47,6.67 -2.60,6.91 -3.72,7.14 -5.00,7.20 -6.28,7.26 -7.65,6.70 -9.02,6.14 -9.74,4.77 -10.45,3.40 -10.17,2.25 -9.90,1.10 -9.10,0.07 -8.29,-0.95 -7.21,-1.68 -6.13,-2.41 -4.77,-2.92 -3.40,-3.43 -1.90,-3.32 -0.39,-3.20 0.31,-2.01 1.02,-0.82 1.10,-0.68 1.19,-0.55 1.24,-0.40 1.28,-0.24 1.30,-0.09 1.31,0.06 1.28,0.22 1.25,0.37 1.19,0.52 1.13,0.66 1.03,0.79 0.93,0.91 0.81,1.01 0.69,1.11 0.54,1.18 0.40,1.24 0.24,1.27 0.09,1.31 -0.06,1.30 -0.22,1.29 -0.37,1.24 -0.52,1.20 -0.66,1.12 -0.79,1.04 -0.91,0.93 -1.02,0.82 -1.02,0.82 L -1.02,0.82 Z"/></g><g transform="translate(502.5 46.5) rotate(0 -0.25 0.75)" stroke="none"><path fill="#1e1e1e" d="M -0.84,1.00 Q -0.84,1.00 -2.02,0.83 -3.20,0.65 -3.83,1.81 -4.46,2.98 -2.97,3.10 -1.48,3.21 0.20,1.93 1.89,0.65 2.69,-1.17 3.49,-3.01 2.82,-2.12 2.16,-1.23 1.07,-0.61 -0.02,0.00 -1.91,1.07 -3.81,2.15 -3.98,2.28 -4.15,2.40 -4.35,2.47 -4.55,2.53 -4.77,2.53 -4.98,2.52 -5.18,2.45 -5.38,2.38 -5.55,2.25 -5.71,2.11 -5.83,1.94 -5.94,1.76 -6.00,1.55 -6.05,1.35 -6.03,1.13 -6.02,0.92 -5.94,0.73 -5.85,0.53 -5.71,0.37 -5.57,0.21 -5.39,0.11 -5.20,0.00 -5.00,-0.03 -4.79,-0.07 -4.58,-0.05 -4.37,-0.02 -4.18,0.06 -3.98,0.16 -3.83,0.31 -3.68,0.46 -3.59,0.64 -3.49,0.83 -3.46,1.04 -3.43,1.26 -3.47,1.46 -3.51,1.67 -3.61,1.86 -3.71,2.04 -3.87,2.19 -4.03,2.33 -4.22,2.42 -4.42,2.50 -4.63,2.52 -4.84,2.54 -5.05,2.49 -5.25,2.44 -5.43,2.33 -5.61,2.21 -5.75,2.05 -5.88,1.89 -5.96,1.69 -6.03,1.49 -6.04,1.28 -6.04,1.06 -5.98,0.86 -5.92,0.66 -5.80,0.48 -5.68,0.31 -5.68,0.31 -5.68,0.31 -4.16,-2.08 -2.63,-4.47 -0.80,-5.52 1.03,-6.57 3.11,-6.83 5.20,-7.10 6.56,-6.36 7.92,-5.63 8.48,-3.32 9.04,-1.02 8.34,0.66 7.64,2.36 6.50,3.75 5.35,5.15 3.77,6.25 2.18,7.35 0.34,7.97 -1.50,8.59 -3.46,8.34 -5.41,8.10 -6.66,7.22 -7.90,6.35 -8.65,4.87 -9.41,3.38 -9.31,1.93 -9.21,0.49 -8.30,-1.09 -7.38,-2.67 -5.58,-3.45 -3.78,-4.24 -2.01,-3.88 -0.24,-3.52 0.29,-2.26 0.84,-1.00 0.94,-0.89 1.05,-0.77 1.13,-0.64 1.21,-0.50 1.25,-0.35 1.29,-0.19 1.30,-0.03 1.30,0.11 1.27,0.27 1.24,0.42 1.17,0.57 1.10,0.71 1.00,0.83 0.90,0.95 0.77,1.05 0.64,1.14 0.49,1.20 0.35,1.26 0.19,1.28 0.03,1.31 -0.11,1.29 -0.27,1.28 -0.42,1.23 -0.57,1.18 -0.70,1.09 -0.84,1.00 -0.84,1.00 L -0.84,1.00 Z"/></g><g transform="translate(513.5 41) rotate(0 -2 9.5)" stroke="none"><path fill="#1e1e1e" d="M 1.22,0.46 Q 1.22,0.46 1.19,1.76 1.16,3.05 0.72,4.98 0.27,6.91 -0.36,9.92 -0.99,12.94 -1.25,15.00 -1.51,17.07 -1.89,18.51 -2.27,19.94 -2.26,20.15 -2.25,20.36 -2.31,20.57 -2.37,20.77 -2.49,20.95 -2.61,21.12 -2.78,21.25 -2.95,21.38 -3.15,21.44 -3.35,21.51 -3.57,21.51 -3.78,21.51 -3.98,21.44 -4.18,21.37 -4.35,21.24 -4.52,21.11 -4.63,20.93 -4.75,20.75 -4.81,20.55 -4.86,20.34 -4.85,20.13 -4.84,19.92 -4.75,19.72 -4.67,19.53 -4.54,19.37 -4.40,19.20 -4.21,19.10 -4.03,18.99 -3.82,18.94 -3.62,18.90 -3.40,18.93 -3.19,18.95 -3.00,19.04 -2.81,19.13 -2.66,19.28 -2.50,19.43 -2.40,19.61 -2.31,19.80 -2.27,20.01 -2.24,20.22 -2.28,20.43 -2.31,20.64 -2.41,20.83 -2.52,21.02 -2.67,21.16 -2.83,21.31 -3.02,21.39 -3.21,21.48 -3.43,21.50 -3.64,21.52 -3.84,21.48 -4.05,21.43 -4.23,21.32 -4.41,21.21 -4.55,21.04 -4.69,20.88 -4.76,20.68 -4.84,20.48 -4.84,20.48 -4.84,20.48 -5.26,18.52 -5.69,16.55 -5.41,14.32 -5.13,12.08 -4.50,9.02 -3.88,5.96 -3.38,3.75 -2.89,1.54 -2.06,0.53 -1.22,-0.46 -1.15,-0.60 -1.08,-0.74 -0.97,-0.86 -0.87,-0.97 -0.74,-1.07 -0.61,-1.16 -0.46,-1.21 -0.31,-1.27 -0.16,-1.29 -0.00,-1.31 0.15,-1.29 0.30,-1.27 0.45,-1.22 0.60,-1.16 0.73,-1.07 0.86,-0.98 0.97,-0.86 1.07,-0.74 1.15,-0.61 1.22,-0.47 1.26,-0.31 1.30,-0.16 1.30,-0.00 1.30,0.15 1.26,0.30 1.22,0.46 1.22,0.46 L 1.22,0.46 Z"/></g><g transform="translate(517 37) rotate(0 0.25 1)" stroke="none"><path fill="#1e1e1e" d="M 1.27,-0.31 Q 1.27,-0.31 1.41,0.25 1.56,0.83 1.57,1.04 1.59,1.25 1.54,1.46 1.49,1.66 1.38,1.84 1.26,2.02 1.10,2.15 0.93,2.29 0.73,2.36 0.53,2.43 0.32,2.44 0.11,2.45 -0.09,2.38 -0.29,2.32 -0.46,2.20 -0.64,2.07 -0.76,1.90 -0.88,1.73 -0.95,1.53 -1.01,1.32 -1.00,1.11 -1.00,0.90 -0.92,0.70 -0.85,0.50 -0.72,0.33 -0.59,0.17 -0.41,0.05 -0.23,-0.05 -0.02,-0.10 0.17,-0.15 0.39,-0.14 0.60,-0.12 0.79,-0.04 0.99,0.04 1.15,0.18 1.31,0.32 1.41,0.51 1.51,0.69 1.56,0.90 1.60,1.11 1.57,1.32 1.54,1.53 1.44,1.72 1.35,1.91 1.20,2.06 1.05,2.21 0.86,2.31 0.67,2.40 0.46,2.43 0.25,2.46 0.04,2.42 -0.16,2.38 -0.34,2.27 -0.53,2.17 -0.67,2.01 -0.81,1.85 -0.90,1.66 -0.98,1.46 -0.98,1.46 -0.98,1.46 -1.13,0.89 -1.27,0.31 -1.29,0.16 -1.31,0.00 -1.29,-0.15 -1.27,-0.31 -1.22,-0.45 -1.16,-0.60 -1.07,-0.73 -0.98,-0.86 -0.86,-0.97 -0.74,-1.07 -0.60,-1.15 -0.46,-1.22 -0.31,-1.26 -0.16,-1.30 -0.00,-1.30 0.15,-1.30 0.30,-1.26 0.46,-1.22 0.60,-1.15 0.74,-1.08 0.86,-0.97 0.98,-0.87 1.07,-0.74 1.16,-0.61 1.21,-0.46 1.27,-0.31 1.27,-0.31 L 1.27,-0.31 Z"/></g><g transform="translate(512 49) rotate(0 6.5 1.25)" stroke="none"><path fill="#1e1e1e" d="M -0.99,-0.85 Q -0.99,-0.85 -0.46,-2.15 0.05,-3.45 1.62,-4.61 3.19,-5.76 4.54,-6.69 5.90,-7.61 7.28,-8.11 8.67,-8.62 10.13,-8.36 11.59,-8.11 12.73,-6.88 13.86,-5.65 14.49,-4.05 15.12,-2.44 15.53,-0.85 15.95,0.73 16.15,2.23 16.35,3.73 16.30,5.15 16.26,6.57 15.75,7.78 15.25,9.00 14.02,9.93 12.80,10.86 11.33,11.07 9.85,11.28 7.92,10.83 5.98,10.39 4.42,9.69 2.85,9.00 0.88,7.21 -1.08,5.41 -1.25,5.29 -1.42,5.17 -1.55,5.00 -1.68,4.83 -1.74,4.62 -1.81,4.42 -1.80,4.21 -1.80,4.00 -1.73,3.80 -1.66,3.60 -1.52,3.43 -1.39,3.26 -1.22,3.15 -1.04,3.03 -0.83,2.98 -0.63,2.92 -0.41,2.94 -0.20,2.95 -0.01,3.04 0.18,3.12 0.34,3.26 0.50,3.40 0.61,3.58 0.71,3.77 0.75,3.97 0.80,4.18 0.77,4.39 0.74,4.60 0.65,4.79 0.56,4.99 0.41,5.14 0.26,5.29 0.07,5.39 -0.11,5.48 -0.32,5.51 -0.53,5.54 -0.74,5.51 -0.95,5.47 -1.13,5.37 -1.32,5.26 -1.46,5.11 -1.61,4.95 -1.69,4.76 -1.78,4.56 -1.80,4.35 -1.82,4.14 -1.77,3.93 -1.72,3.72 -1.60,3.54 -1.49,3.36 -1.33,3.23 -1.16,3.09 -0.97,3.02 -0.77,2.94 -0.55,2.94 -0.34,2.93 -0.14,2.99 0.06,3.05 0.06,3.05 0.06,3.05 2.62,3.42 5.17,3.79 6.34,4.32 7.51,4.84 9.35,4.58 11.18,4.32 11.07,3.15 10.96,1.98 10.64,0.68 10.32,-0.62 9.28,-1.94 8.24,-3.27 6.99,-2.77 5.74,-2.26 4.56,-1.41 3.39,-0.56 2.19,0.14 0.99,0.85 0.88,0.96 0.76,1.06 0.62,1.14 0.48,1.22 0.33,1.26 0.17,1.30 0.02,1.30 -0.13,1.30 -0.29,1.27 -0.44,1.23 -0.58,1.16 -0.72,1.09 -0.84,0.98 -0.96,0.88 -1.06,0.75 -1.15,0.62 -1.21,0.48 -1.26,0.33 -1.29,0.17 -1.31,0.02 -1.29,-0.13 -1.28,-0.29 -1.22,-0.44 -1.17,-0.59 -1.08,-0.72 -0.99,-0.85 -0.99,-0.85 L -0.99,-0.85 Z"/></g><g transform="translate(536 26.5) rotate(0 -1.75 12.5)" stroke="none"><path fill="#1e1e1e" d="M 1.27,0.33 Q 1.27,0.33 1.18,3.23 1.10,6.12 0.61,9.00 0.12,11.88 -0.57,15.09 -1.27,18.29 -1.68,21.07 -2.10,23.85 -2.15,24.05 -2.19,24.26 -2.31,24.44 -2.42,24.62 -2.58,24.76 -2.75,24.89 -2.95,24.96 -3.15,25.04 -3.36,25.05 -3.57,25.06 -3.77,25.00 -3.98,24.93 -4.15,24.81 -4.33,24.69 -4.45,24.52 -4.58,24.35 -4.64,24.14 -4.71,23.94 -4.70,23.73 -4.70,23.52 -4.63,23.32 -4.55,23.12 -4.42,22.95 -4.29,22.78 -4.11,22.67 -3.94,22.55 -3.73,22.50 -3.52,22.44 -3.31,22.46 -3.10,22.48 -2.90,22.56 -2.71,22.64 -2.55,22.78 -2.39,22.92 -2.28,23.10 -2.18,23.29 -2.14,23.50 -2.09,23.70 -2.12,23.92 -2.15,24.13 -2.24,24.32 -2.33,24.51 -2.48,24.66 -2.63,24.81 -2.82,24.91 -3.01,25.00 -3.22,25.04 -3.43,25.07 -3.64,25.03 -3.85,24.99 -4.03,24.89 -4.22,24.78 -4.36,24.63 -4.51,24.47 -4.59,24.28 -4.68,24.08 -4.70,23.87 -4.72,23.66 -4.72,23.66 -4.72,23.66 -4.72,20.80 -4.73,17.94 -4.76,14.55 -4.79,11.15 -4.38,7.97 -3.97,4.79 -2.62,2.23 -1.27,-0.33 -1.21,-0.48 -1.15,-0.62 -1.06,-0.75 -0.96,-0.88 -0.84,-0.98 -0.72,-1.09 -0.58,-1.16 -0.44,-1.23 -0.29,-1.27 -0.13,-1.30 0.02,-1.30 0.17,-1.30 0.33,-1.26 0.48,-1.22 0.62,-1.14 0.76,-1.06 0.87,-0.96 0.99,-0.85 1.08,-0.72 1.17,-0.59 1.22,-0.44 1.27,-0.29 1.29,-0.13 1.31,0.02 1.29,0.17 1.27,0.33 1.27,0.33 L 1.27,0.33 Z"/></g><g transform="translate(517 35) rotate(0 14.25 7)" stroke="none"><path fill="#1e1e1e" d="M 0.65,-1.14 Q 0.65,-1.14 4.96,0.65 9.27,2.46 13.45,4.66 17.63,6.86 20.86,8.60 24.09,10.34 25.49,11.10 26.88,11.86 27.06,11.98 27.23,12.09 27.37,12.26 27.50,12.42 27.57,12.62 27.64,12.82 27.65,13.03 27.65,13.25 27.59,13.45 27.53,13.65 27.40,13.83 27.28,14.00 27.11,14.12 26.93,14.24 26.73,14.31 26.53,14.37 26.31,14.36 26.10,14.35 25.90,14.28 25.70,14.21 25.54,14.07 25.37,13.94 25.26,13.76 25.15,13.58 25.10,13.37 25.04,13.17 25.06,12.96 25.08,12.74 25.17,12.55 25.25,12.35 25.39,12.20 25.53,12.04 25.72,11.94 25.91,11.83 26.11,11.79 26.32,11.75 26.53,11.78 26.74,11.81 26.93,11.91 27.12,12.00 27.27,12.15 27.42,12.30 27.52,12.49 27.61,12.68 27.64,12.90 27.67,13.11 27.63,13.31 27.59,13.52 27.48,13.71 27.37,13.89 27.22,14.03 27.06,14.17 26.86,14.26 26.67,14.34 26.45,14.36 26.24,14.37 26.04,14.32 25.83,14.27 25.83,14.27 25.83,14.27 24.33,13.77 22.82,13.28 19.24,12.06 15.66,10.84 11.24,8.79 6.82,6.73 3.08,3.94 -0.65,1.14 -0.77,1.04 -0.90,0.95 -1.00,0.82 -1.10,0.70 -1.17,0.56 -1.24,0.42 -1.27,0.26 -1.30,0.11 -1.30,-0.04 -1.29,-0.20 -1.25,-0.35 -1.21,-0.50 -1.13,-0.64 -1.05,-0.78 -0.94,-0.89 -0.83,-1.01 -0.70,-1.09 -0.56,-1.18 -0.41,-1.23 -0.26,-1.28 -0.11,-1.29 0.04,-1.31 0.20,-1.28 0.35,-1.26 0.50,-1.20 0.65,-1.14 0.65,-1.14 L 0.65,-1.14 Z"/></g><g transform="translate(431 177.5) rotate(0 -0.75 67)" stroke="none"><path fill="#1e1e1e" d="M 1.26,-0.36 Q 1.26,-0.36 2.53,1.46 3.80,3.28 3.94,6.18 4.09,9.07 4.12,11.78 4.16,14.49 3.88,20.03 3.60,25.57 3.33,30.62 3.06,35.67 2.35,44.60 1.64,53.54 0.84,62.50 0.03,71.45 -0.65,79.70 -1.33,87.94 -1.59,95.44 -1.85,102.93 -1.90,108.24 -1.96,113.56 -1.86,117.82 -1.76,122.08 -1.54,125.46 -1.33,128.84 -0.97,130.58 -0.61,132.32 -0.17,131.28 0.27,130.24 0.94,131.69 1.62,133.15 -0.61,134.47 -2.84,135.80 -3.03,135.89 -3.22,135.98 -3.44,136.00 -3.65,136.02 -3.85,135.98 -4.06,135.93 -4.24,135.82 -4.43,135.71 -4.56,135.55 -4.70,135.39 -4.78,135.19 -4.86,134.99 -4.87,134.78 -4.88,134.57 -4.83,134.37 -4.77,134.16 -4.65,133.98 -4.53,133.81 -4.36,133.68 -4.19,133.55 -3.99,133.48 -3.79,133.42 -3.58,133.41 -3.37,133.41 -3.16,133.48 -2.96,133.55 -2.79,133.68 -2.62,133.81 -2.51,133.98 -2.39,134.16 -2.33,134.36 -2.27,134.57 -2.28,134.78 -2.29,134.99 -2.37,135.19 -2.45,135.39 -2.59,135.55 -2.73,135.71 -2.91,135.82 -3.09,135.93 -3.30,135.98 -3.50,136.02 -3.72,136.00 -3.93,135.98 -4.12,135.89 -4.31,135.80 -4.47,135.65 -4.62,135.51 -4.72,135.32 -4.82,135.13 -4.86,134.92 -4.89,134.71 -4.86,134.50 -4.82,134.29 -4.72,134.11 -4.62,133.92 -4.47,133.77 -4.32,133.62 -4.32,133.62 -4.32,133.62 -3.42,132.09 -2.52,130.56 -0.94,129.38 0.63,128.19 1.75,128.12 2.86,128.06 3.76,128.70 4.66,129.34 4.44,131.43 4.23,133.53 2.75,134.75 1.28,135.97 0.21,136.26 -0.84,136.54 -1.86,136.15 -2.88,135.76 -3.69,134.44 -4.49,133.11 -4.89,131.10 -5.28,129.09 -5.49,125.66 -5.70,122.23 -5.92,117.91 -6.14,113.59 -6.27,108.18 -6.39,102.78 -6.15,95.20 -5.90,87.61 -5.40,79.33 -4.89,71.05 -4.26,62.09 -3.62,53.13 -2.96,44.26 -2.30,35.40 -2.05,30.35 -1.80,25.30 -1.55,19.94 -1.29,14.58 -1.34,11.93 -1.38,9.29 -1.44,7.02 -1.50,4.76 -1.38,2.56 -1.26,0.36 -1.28,0.20 -1.31,0.04 -1.29,-0.10 -1.28,-0.26 -1.23,-0.41 -1.18,-0.56 -1.09,-0.70 -1.01,-0.83 -0.89,-0.94 -0.78,-1.05 -0.64,-1.13 -0.51,-1.21 -0.35,-1.25 -0.20,-1.29 -0.04,-1.30 0.11,-1.30 0.26,-1.27 0.42,-1.24 0.56,-1.17 0.70,-1.10 0.82,-1.00 0.95,-0.90 1.04,-0.77 1.13,-0.65 1.20,-0.50 1.26,-0.36 1.26,-0.36 L 1.26,-0.36 Z"/></g><g transform="translate(466 209.5) rotate(0 -5.25 7.5)" stroke="none"><path fill="#1e1e1e" d="M -0.58,1.17 Q -0.58,1.17 -1.97,1.15 -3.37,1.13 -4.74,1.91 -6.11,2.69 -6.66,4.61 -7.21,6.54 -6.85,8.51 -6.50,10.47 -5.81,11.45 -5.12,12.42 -3.49,13.86 -1.86,15.30 -1.70,15.43 -1.53,15.56 -1.41,15.74 -1.29,15.91 -1.24,16.12 -1.19,16.32 -1.20,16.54 -1.21,16.75 -1.30,16.94 -1.38,17.14 -1.52,17.30 -1.66,17.46 -1.84,17.57 -2.02,17.68 -2.23,17.72 -2.44,17.76 -2.65,17.74 -2.86,17.71 -3.05,17.62 -3.24,17.53 -3.40,17.38 -3.55,17.23 -3.65,17.04 -3.74,16.85 -3.78,16.64 -3.81,16.43 -3.77,16.22 -3.73,16.01 -3.63,15.83 -3.53,15.64 -3.37,15.50 -3.22,15.35 -3.02,15.27 -2.83,15.18 -2.62,15.16 -2.41,15.14 -2.20,15.19 -1.99,15.24 -1.81,15.35 -1.63,15.46 -1.49,15.62 -1.36,15.79 -1.28,15.99 -1.21,16.18 -1.20,16.40 -1.19,16.61 -1.25,16.81 -1.31,17.02 -1.43,17.19 -1.55,17.36 -1.72,17.49 -1.89,17.62 -2.10,17.68 -2.30,17.75 -2.51,17.75 -2.72,17.74 -2.92,17.67 -3.12,17.60 -3.12,17.60 -3.12,17.60 -6.02,16.56 -8.92,15.52 -10.30,13.76 -11.68,12.00 -12.14,10.04 -12.60,8.08 -12.46,6.51 -12.32,4.93 -11.64,3.21 -10.97,1.49 -10.23,0.30 -9.50,-0.87 -8.36,-1.85 -7.23,-2.83 -5.79,-3.34 -4.34,-3.84 -2.78,-3.64 -1.22,-3.43 -0.32,-2.30 0.58,-1.17 0.71,-1.08 0.85,-0.99 0.95,-0.88 1.06,-0.76 1.14,-0.62 1.21,-0.48 1.25,-0.33 1.30,-0.18 1.30,-0.02 1.30,0.13 1.27,0.28 1.23,0.44 1.16,0.58 1.09,0.72 0.99,0.84 0.89,0.96 0.76,1.05 0.63,1.15 0.48,1.20 0.33,1.26 0.18,1.29 0.02,1.31 -0.13,1.29 -0.28,1.28 -0.43,1.22 -0.58,1.17 -0.58,1.17 L -0.58,1.17 Z"/></g><g transform="translate(481.5 214) rotate(0 -2 5)" stroke="none"><path fill="#1e1e1e" d="M 0.54,1.19 Q 0.54,1.19 -0.88,2.24 -2.30,3.30 -3.81,4.39 -5.32,5.48 -6.59,6.78 -7.85,8.07 -8.37,9.06 -8.89,10.05 -9.52,9.06 -10.15,8.07 -8.83,6.98 -7.51,5.89 -6.22,4.91 -4.94,3.93 -3.87,2.84 -2.80,1.75 -2.16,0.51 -1.53,-0.71 -1.54,-0.99 -1.56,-1.26 -1.41,-1.50 -1.27,-1.74 -1.07,-1.94 -0.88,-2.13 -0.64,-2.28 -0.41,-2.42 -0.14,-2.51 0.11,-2.59 0.39,-2.61 0.67,-2.63 0.94,-2.58 1.21,-2.53 1.47,-2.42 1.72,-2.30 1.94,-2.13 2.16,-1.96 2.33,-1.75 2.50,-1.53 2.62,-1.27 2.73,-1.02 2.79,-0.75 2.84,-0.48 2.82,-0.20 2.81,0.07 2.72,0.33 2.64,0.60 2.81,2.70 2.97,4.80 3.44,5.78 3.91,6.76 5.44,7.33 6.96,7.90 7.18,7.88 7.39,7.86 7.59,7.91 7.80,7.97 7.98,8.08 8.16,8.20 8.29,8.36 8.42,8.53 8.50,8.73 8.57,8.93 8.58,9.14 8.58,9.35 8.52,9.55 8.46,9.76 8.33,9.93 8.21,10.10 8.04,10.23 7.86,10.35 7.66,10.41 7.46,10.47 7.25,10.47 7.03,10.46 6.83,10.39 6.63,10.32 6.47,10.18 6.30,10.05 6.19,9.87 6.07,9.69 6.02,9.49 5.97,9.28 5.99,9.07 6.01,8.86 6.09,8.66 6.17,8.47 6.32,8.31 6.46,8.15 6.64,8.04 6.83,7.94 7.04,7.90 7.25,7.86 7.46,7.89 7.67,7.92 7.86,8.01 8.05,8.11 8.20,8.26 8.35,8.41 8.44,8.60 8.54,8.79 8.57,9.00 8.59,9.21 8.55,9.42 8.51,9.63 8.41,9.81 8.30,10.00 8.15,10.14 7.99,10.28 7.79,10.36 7.60,10.45 7.60,10.45 7.60,10.45 5.47,11.30 3.35,12.16 2.09,11.40 0.83,10.65 0.21,9.58 -0.41,8.52 -0.95,6.99 -1.49,5.46 -1.68,4.12 -1.86,2.79 -1.71,0.76 -1.56,-1.26 -1.41,-1.50 -1.27,-1.74 -1.08,-1.94 -0.88,-2.13 -0.64,-2.28 -0.41,-2.42 -0.14,-2.51 0.11,-2.59 0.39,-2.61 0.67,-2.63 0.94,-2.58 1.21,-2.53 1.47,-2.42 1.72,-2.30 1.94,-2.13 2.16,-1.96 2.33,-1.75 2.50,-1.53 2.62,-1.28 2.73,-1.02 2.79,-0.75 2.84,-0.48 2.82,-0.20 2.81,0.07 2.72,0.33 2.64,0.60 2.34,1.43 2.04,2.25 1.22,3.52 0.40,4.78 -0.82,6.09 -2.06,7.39 -3.48,8.67 -4.90,9.94 -6.68,11.10 -8.46,12.25 -10.61,11.85 -12.76,11.45 -12.82,9.49 -12.87,7.53 -11.89,6.22 -10.90,4.90 -9.31,3.48 -7.71,2.06 -5.86,0.81 -4.01,-0.42 -2.28,-0.81 -0.54,-1.19 -0.39,-1.24 -0.24,-1.29 -0.08,-1.30 0.07,-1.31 0.23,-1.28 0.38,-1.25 0.53,-1.19 0.67,-1.12 0.80,-1.02 0.92,-0.93 1.02,-0.80 1.12,-0.68 1.18,-0.53 1.25,-0.39 1.28,-0.23 1.31,-0.08 1.30,0.07 1.29,0.23 1.24,0.38 1.19,0.53 1.11,0.67 1.03,0.80 0.92,0.91 0.81,1.03 0.67,1.11 0.54,1.19 0.54,1.19 L 0.54,1.19 Z"/></g><g transform="translate(492.5 193.5) rotate(0 -2.25 13.75)" stroke="none"><path fill="#1e1e1e" d="M 1.30,0.13 Q 1.30,0.13 1.53,1.60 1.76,3.07 1.70,4.63 1.65,6.18 1.34,8.56 1.04,10.93 0.52,13.32 0.01,15.70 -0.44,17.83 -0.90,19.96 -1.20,21.68 -1.50,23.41 -1.92,24.87 -2.34,26.32 -2.21,26.49 -2.07,26.65 -1.99,26.85 -1.91,27.04 -1.90,27.26 -1.89,27.47 -1.95,27.67 -2.01,27.88 -2.13,28.05 -2.25,28.23 -2.42,28.36 -2.59,28.49 -2.79,28.55 -2.99,28.62 -3.20,28.62 -3.41,28.62 -3.61,28.55 -3.82,28.48 -3.98,28.35 -4.15,28.22 -4.27,28.05 -4.39,27.87 -4.45,27.67 -4.50,27.46 -4.49,27.25 -4.48,27.04 -4.40,26.84 -4.32,26.64 -4.18,26.48 -4.04,26.32 -3.86,26.21 -3.68,26.10 -3.47,26.06 -3.26,26.01 -3.05,26.03 -2.84,26.06 -2.65,26.15 -2.46,26.24 -2.30,26.39 -2.15,26.53 -2.05,26.72 -1.95,26.91 -1.92,27.12 -1.88,27.33 -1.92,27.54 -1.95,27.75 -2.05,27.93 -2.15,28.12 -2.31,28.27 -2.46,28.41 -2.66,28.50 -2.85,28.59 -3.06,28.61 -3.27,28.63 -3.48,28.59 -3.69,28.54 -3.87,28.43 -4.05,28.32 -4.05,28.32 -4.05,28.32 -5.23,25.35 -6.40,22.38 -5.97,20.59 -5.53,18.80 -4.94,16.70 -4.34,14.61 -3.73,12.48 -3.11,10.35 -2.79,8.19 -2.47,6.03 -2.40,4.35 -2.33,2.67 -1.82,1.26 -1.30,-0.13 -1.27,-0.28 -1.23,-0.43 -1.16,-0.58 -1.09,-0.72 -0.99,-0.84 -0.89,-0.96 -0.76,-1.05 -0.63,-1.14 -0.48,-1.20 -0.34,-1.26 -0.18,-1.29 -0.02,-1.31 0.12,-1.29 0.28,-1.28 0.43,-1.22 0.58,-1.17 0.71,-1.08 0.84,-1.00 0.95,-0.88 1.06,-0.76 1.14,-0.63 1.21,-0.49 1.25,-0.33 1.30,-0.18 1.30,-0.02 1.30,0.13 1.30,0.13 L 1.30,0.13 Z"/></g><g transform="translate(488 217.5) rotate(0 14.75 -4)" stroke="none"><path fill="#1e1e1e" d="M -0.50,-1.21 Q -0.50,-1.21 1.07,-2.27 2.65,-3.34 4.02,-3.81 5.39,-4.28 6.45,-4.74 7.51,-5.20 8.43,-5.77 9.35,-6.35 9.91,-7.48 10.48,-8.62 8.92,-8.65 7.35,-8.69 6.18,-8.12 5.01,-7.55 4.02,-6.79 3.02,-6.04 2.35,-5.01 1.67,-3.99 1.74,-2.43 1.80,-0.88 2.84,-0.38 3.89,0.11 5.09,-0.34 6.30,-0.80 8.07,-1.75 9.83,-2.70 11.23,-3.78 12.63,-4.86 13.59,-5.83 14.54,-6.80 15.18,-7.52 15.81,-8.25 16.05,-8.43 16.30,-8.62 16.59,-8.74 16.87,-8.86 17.17,-8.91 17.48,-8.96 17.79,-8.94 18.10,-8.91 18.39,-8.81 18.68,-8.72 18.94,-8.55 19.20,-8.39 19.42,-8.17 19.63,-7.94 19.79,-7.68 19.94,-7.41 20.03,-7.11 20.12,-6.81 20.13,-6.51 20.14,-6.20 20.08,-5.89 20.02,-5.59 19.89,-5.31 19.76,-5.03 19.56,-4.79 19.37,-4.55 19.57,-5.68 19.77,-6.81 19.75,-5.16 19.73,-3.52 19.37,-2.21 19.01,-0.91 19.94,-2.29 20.87,-3.68 21.89,-4.21 22.92,-4.73 24.15,-5.50 25.37,-6.26 26.53,-6.94 27.69,-7.62 28.31,-7.89 28.93,-8.16 29.19,-8.26 29.45,-8.37 29.73,-8.41 30.01,-8.45 30.30,-8.43 30.58,-8.40 30.85,-8.31 31.11,-8.21 31.35,-8.06 31.59,-7.90 31.78,-7.70 31.98,-7.49 32.12,-7.24 32.26,-6.99 32.33,-6.72 32.41,-6.45 32.41,-6.16 32.42,-5.88 32.36,-5.60 32.30,-5.32 32.17,-5.07 32.05,-4.81 31.87,-4.60 31.68,-4.38 31.46,-4.21 31.23,-4.04 31.51,-2.97 31.80,-1.89 31.08,-0.58 30.37,0.72 29.19,2.06 28.01,3.40 27.89,3.57 27.76,3.75 27.59,3.87 27.42,3.99 27.21,4.05 27.01,4.12 26.80,4.11 26.58,4.10 26.38,4.03 26.19,3.96 26.02,3.82 25.85,3.69 25.74,3.51 25.63,3.33 25.58,3.13 25.52,2.92 25.54,2.71 25.56,2.50 25.64,2.30 25.73,2.11 25.87,1.95 26.01,1.79 26.20,1.69 26.38,1.58 26.59,1.54 26.80,1.50 27.01,1.53 27.22,1.56 27.41,1.65 27.60,1.75 27.75,1.90 27.90,2.05 28.00,2.24 28.09,2.43 28.12,2.64 28.15,2.85 28.11,3.06 28.07,3.27 27.96,3.45 27.86,3.64 27.70,3.78 27.54,3.92 27.34,4.01 27.15,4.09 26.94,4.11 26.72,4.12 26.52,4.07 26.31,4.02 26.13,3.91 25.95,3.79 25.82,3.62 25.69,3.46 25.62,3.26 25.54,3.06 25.54,2.85 25.53,2.63 25.60,2.43 25.66,2.23 25.66,2.23 25.66,2.23 26.02,0.48 26.38,-1.25 27.19,-2.92 28.01,-4.59 28.47,-6.37 28.93,-8.16 29.19,-8.26 29.45,-8.37 29.73,-8.41 30.01,-8.45 30.30,-8.43 30.58,-8.40 30.85,-8.31 31.11,-8.21 31.35,-8.06 31.59,-7.90 31.78,-7.70 31.98,-7.49 32.12,-7.24 32.26,-6.99 32.33,-6.72 32.41,-6.45 32.41,-6.16 32.42,-5.88 32.36,-5.60 32.30,-5.32 32.17,-5.07 32.05,-4.81 31.87,-4.60 31.68,-4.38 31.46,-4.21 31.23,-4.04 30.60,-3.78 29.98,-3.51 28.89,-2.93 27.80,-2.36 26.44,-1.51 25.08,-0.67 24.09,-0.12 23.10,0.41 21.06,1.58 19.02,2.74 17.50,2.72 15.97,2.69 14.85,1.28 13.73,-0.11 13.93,-1.32 14.13,-2.53 15.00,-4.03 15.87,-5.52 15.84,-6.88 15.81,-8.25 16.05,-8.43 16.30,-8.62 16.59,-8.74 16.87,-8.86 17.17,-8.91 17.48,-8.96 17.79,-8.94 18.10,-8.91 18.39,-8.81 18.68,-8.72 18.94,-8.55 19.20,-8.39 19.42,-8.17 19.63,-7.94 19.79,-7.68 19.94,-7.41 20.03,-7.11 20.12,-6.81 20.13,-6.51 20.14,-6.20 20.08,-5.89 20.02,-5.59 19.89,-5.31 19.76,-5.03 19.56,-4.79 19.37,-4.55 18.77,-3.80 18.17,-3.04 16.92,-1.87 15.66,-0.71 13.88,0.52 12.09,1.76 9.75,2.87 7.42,3.99 5.05,4.33 2.69,4.67 0.99,3.88 -0.70,3.08 -1.64,1.64 -2.58,0.19 -2.82,-1.58 -3.07,-3.37 -2.48,-4.99 -1.90,-6.62 -0.69,-8.05 0.50,-9.47 1.89,-10.42 3.28,-11.37 5.02,-12.11 6.76,-12.85 8.55,-13.03 10.34,-13.21 11.76,-12.69 13.18,-12.17 13.96,-11.01 14.73,-9.85 14.78,-8.73 14.83,-7.61 14.30,-6.23 13.78,-4.86 12.65,-3.81 11.52,-2.77 10.33,-2.07 9.13,-1.38 7.93,-0.88 6.73,-0.38 5.48,0.03 4.24,0.46 2.37,0.83 0.50,1.21 0.35,1.25 0.20,1.29 0.04,1.30 -0.11,1.30 -0.27,1.27 -0.42,1.24 -0.56,1.17 -0.71,1.10 -0.83,1.00 -0.95,0.90 -1.04,0.77 -1.14,0.64 -1.20,0.50 -1.26,0.35 -1.28,0.19 -1.31,0.04 -1.29,-0.11 -1.28,-0.27 -1.23,-0.42 -1.18,-0.57 -1.09,-0.70 -1.01,-0.83 -0.89,-0.94 -0.78,-1.05 -0.64,-1.13 -0.50,-1.21 -0.50,-1.21 L -0.50,-1.21 Z"/></g><g transform="translate(519 211.5) rotate(0 3 -4.25)" stroke="none"><path fill="#1e1e1e" d="M 0.92,0.92 Q 0.92,0.92 -0.01,2.57 -0.95,4.21 -1.84,5.36 -2.73,6.50 -3.16,7.51 -3.60,8.52 -2.53,9.13 -1.47,9.73 1.04,8.14 3.56,6.55 4.87,5.15 6.18,3.75 7.16,1.61 8.14,-0.52 8.70,-2.74 9.26,-4.96 9.20,-7.57 9.13,-10.19 8.88,-12.59 8.62,-14.99 8.53,-16.69 8.44,-18.39 8.53,-19.82 8.61,-21.26 8.63,-21.52 8.65,-21.79 8.73,-22.04 8.81,-22.29 8.95,-22.52 9.09,-22.75 9.28,-22.93 9.47,-23.12 9.70,-23.26 9.93,-23.39 10.18,-23.47 10.43,-23.55 10.70,-23.56 10.96,-23.57 11.23,-23.52 11.49,-23.47 11.73,-23.36 11.97,-23.25 12.18,-23.09 12.39,-22.92 12.55,-22.71 12.71,-22.50 12.82,-22.26 12.93,-22.01 12.97,-21.75 13.02,-21.49 12.95,-20.38 12.89,-19.28 12.83,-17.94 12.77,-16.60 12.60,-13.93 12.42,-11.26 12.22,-8.54 12.01,-5.82 11.82,-2.94 11.63,-0.06 11.38,2.88 11.14,5.83 10.50,8.98 9.87,12.14 9.83,12.34 9.78,12.55 9.68,12.73 9.57,12.92 9.41,13.06 9.25,13.20 9.05,13.28 8.85,13.36 8.64,13.37 8.43,13.38 8.22,13.33 8.02,13.27 7.84,13.15 7.66,13.04 7.53,12.87 7.40,12.70 7.34,12.50 7.27,12.30 7.26,12.09 7.26,11.87 7.33,11.67 7.39,11.47 7.52,11.30 7.65,11.13 7.82,11.01 8.00,10.89 8.20,10.83 8.41,10.77 8.62,10.78 8.83,10.79 9.03,10.87 9.23,10.95 9.39,11.08 9.55,11.22 9.67,11.40 9.78,11.58 9.82,11.79 9.87,11.99 9.85,12.21 9.83,12.42 9.74,12.61 9.65,12.80 9.51,12.96 9.36,13.12 9.18,13.22 8.99,13.32 8.78,13.35 8.57,13.39 8.36,13.36 8.15,13.32 7.96,13.23 7.77,13.13 7.63,12.97 7.48,12.82 7.39,12.63 7.30,12.44 7.27,12.23 7.25,12.02 7.25,12.02 7.25,12.02 6.91,8.73 6.57,5.45 6.81,2.51 7.05,-0.43 7.33,-3.30 7.61,-6.16 7.84,-8.85 8.06,-11.53 8.22,-14.14 8.37,-16.75 8.49,-19.00 8.61,-21.26 8.63,-21.52 8.65,-21.79 8.73,-22.04 8.81,-22.29 8.95,-22.52 9.09,-22.75 9.28,-22.93 9.47,-23.12 9.70,-23.26 9.92,-23.39 10.18,-23.47 10.43,-23.55 10.70,-23.56 10.96,-23.57 11.23,-23.52 11.49,-23.47 11.73,-23.36 11.97,-23.25 12.18,-23.09 12.39,-22.92 12.55,-22.71 12.71,-22.50 12.82,-22.26 12.93,-22.01 12.97,-21.75 13.02,-21.49 12.97,-20.11 12.91,-18.72 13.07,-17.12 13.23,-15.52 13.55,-12.86 13.88,-10.20 13.83,-7.00 13.78,-3.79 13.02,-1.12 12.27,1.55 10.82,4.17 9.38,6.79 7.70,8.46 6.02,10.13 4.03,11.51 2.05,12.88 0.35,13.56 -1.33,14.23 -2.70,14.12 -4.07,14.01 -5.38,13.22 -6.69,12.43 -7.34,10.97 -7.99,9.51 -7.86,8.13 -7.74,6.75 -7.05,5.24 -6.36,3.74 -5.29,2.35 -4.21,0.95 -2.57,0.01 -0.92,-0.92 -0.80,-1.02 -0.67,-1.12 -0.53,-1.18 -0.39,-1.25 -0.23,-1.28 -0.07,-1.31 0.07,-1.30 0.23,-1.29 0.38,-1.24 0.53,-1.19 0.67,-1.11 0.80,-1.03 0.92,-0.92 1.03,-0.80 1.11,-0.67 1.19,-0.53 1.24,-0.38 1.29,-0.23 1.30,-0.07 1.31,0.07 1.28,0.23 1.25,0.39 1.18,0.53 1.12,0.67 1.02,0.80 0.92,0.92 0.92,0.92 L 0.92,0.92 Z"/></g><g transform="translate(535 218.5) rotate(0 4.25 3.25)" stroke="none"><path fill="#1e1e1e" d="M -0.82,1.02 Q -0.82,1.02 -0.86,0.83 -0.90,0.63 -1.87,1.86 -2.83,3.09 -3.41,4.20 -3.98,5.31 -2.36,4.30 -0.75,3.29 0.45,2.00 1.66,0.71 2.23,-0.44 2.79,-1.60 2.98,-1.83 3.18,-2.06 3.42,-2.23 3.66,-2.40 3.94,-2.51 4.21,-2.62 4.51,-2.66 4.80,-2.71 5.10,-2.67 5.39,-2.64 5.67,-2.54 5.95,-2.44 6.20,-2.28 6.45,-2.11 6.65,-1.89 6.85,-1.67 6.99,-1.41 7.14,-1.15 7.21,-0.87 7.29,-0.58 7.30,-0.28 7.30,0.01 7.23,0.30 7.17,0.59 7.03,0.85 6.90,1.12 5.99,1.76 5.08,2.39 4.35,3.70 3.61,5.01 4.97,4.14 6.32,3.27 7.42,3.19 8.51,3.11 10.13,4.32 11.74,5.54 11.96,6.65 12.19,7.75 13.38,7.52 14.58,7.28 14.79,7.29 15.00,7.30 15.20,7.38 15.40,7.45 15.56,7.59 15.73,7.72 15.84,7.91 15.95,8.09 16.00,8.29 16.05,8.50 16.03,8.71 16.01,8.92 15.92,9.12 15.83,9.31 15.69,9.47 15.54,9.62 15.36,9.72 15.17,9.83 14.96,9.86 14.75,9.90 14.54,9.87 14.33,9.84 14.14,9.74 13.95,9.64 13.81,9.49 13.66,9.34 13.57,9.14 13.48,8.95 13.45,8.74 13.42,8.53 13.47,8.32 13.51,8.11 13.62,7.93 13.73,7.75 13.89,7.61 14.05,7.47 14.24,7.39 14.44,7.31 14.65,7.29 14.86,7.28 15.07,7.33 15.27,7.39 15.45,7.51 15.63,7.62 15.76,7.79 15.89,7.96 15.96,8.16 16.03,8.36 16.03,8.57 16.04,8.78 15.97,8.99 15.90,9.19 15.78,9.36 15.65,9.53 15.48,9.65 15.30,9.77 15.10,9.83 14.89,9.89 14.89,9.89 14.89,9.89 13.10,10.82 11.32,11.76 9.83,11.49 8.35,11.23 7.80,9.86 7.25,8.50 5.47,8.81 3.69,9.12 1.89,8.72 0.09,8.32 -0.73,6.91 -1.55,5.49 -1.25,4.09 -0.94,2.70 -0.02,1.31 0.88,-0.06 1.83,-0.83 2.79,-1.60 2.98,-1.83 3.18,-2.06 3.42,-2.23 3.66,-2.40 3.94,-2.51 4.21,-2.62 4.51,-2.66 4.80,-2.71 5.10,-2.67 5.39,-2.64 5.67,-2.54 5.95,-2.44 6.20,-2.28 6.45,-2.11 6.65,-1.89 6.85,-1.68 6.99,-1.41 7.14,-1.15 7.21,-0.87 7.29,-0.58 7.30,-0.28 7.30,0.01 7.23,0.30 7.17,0.59 7.03,0.85 6.90,1.12 6.87,1.63 6.83,2.14 6.08,3.23 5.32,4.31 3.81,5.75 2.31,7.18 0.49,8.59 -1.32,10.00 -2.99,10.55 -4.66,11.10 -5.90,10.67 -7.15,10.25 -8.06,8.29 -8.97,6.32 -8.44,4.70 -7.90,3.08 -7.05,1.75 -6.20,0.43 -5.33,-0.61 -4.45,-1.65 -3.21,-2.29 -1.96,-2.93 -0.57,-1.98 0.82,-1.02 0.93,-0.91 1.04,-0.79 1.12,-0.66 1.20,-0.52 1.24,-0.37 1.29,-0.22 1.30,-0.06 1.31,0.09 1.27,0.24 1.24,0.40 1.18,0.54 1.11,0.69 1.01,0.81 0.91,0.93 0.79,1.03 0.66,1.13 0.52,1.19 0.37,1.25 0.22,1.28 0.06,1.31 -0.09,1.30 -0.24,1.28 -0.40,1.24 -0.55,1.19 -0.68,1.10 -0.82,1.02 -0.82,1.02 L -0.82,1.02 Z"/></g><g transform="translate(140 11.5) rotate(0 0.5 155.5)" stroke="none"><path fill="#1e1e1e" d="M 0.41,-1.24 Q 0.41,-1.24 2.08,-1.18 3.75,-1.11 4.94,0.68 6.14,2.49 6.40,5.37 6.66,8.25 6.57,11.97 6.48,15.69 6.14,20.45 5.81,25.20 5.37,29.54 4.93,33.87 4.59,39.81 4.25,45.76 3.94,53.31 3.64,60.87 3.33,72.13 3.03,83.38 2.46,96.67 1.88,109.96 1.62,121.47 1.35,132.98 1.13,143.05 0.91,153.12 0.81,162.28 0.71,171.45 0.68,179.65 0.65,187.86 0.33,196.41 0.01,204.95 -0.57,212.66 -1.16,220.36 -1.82,226.09 -2.48,231.83 -3.07,235.98 -3.67,240.14 -3.49,243.59 -3.30,247.03 -2.83,249.59 -2.36,252.16 -1.63,254.33 -0.89,256.49 0.02,259.36 0.93,262.22 1.76,264.87 2.58,267.53 3.25,269.82 3.92,272.11 4.53,274.39 5.13,276.67 5.53,278.37 5.92,280.07 6.01,282.15 6.09,284.22 5.99,285.97 5.88,287.73 5.82,289.53 5.76,291.32 5.73,293.09 5.70,294.86 6.10,296.53 6.50,298.20 6.84,299.74 7.18,301.28 7.36,302.60 7.54,303.93 7.52,305.51 7.50,307.09 7.92,308.75 8.33,310.40 8.42,310.59 8.52,310.78 8.54,310.99 8.57,311.20 8.53,311.41 8.49,311.62 8.39,311.81 8.28,311.99 8.12,312.13 7.96,312.27 7.77,312.36 7.57,312.44 7.36,312.46 7.15,312.47 6.94,312.42 6.74,312.37 6.56,312.25 6.38,312.14 6.25,311.97 6.11,311.81 6.04,311.61 5.97,311.41 5.96,311.20 5.96,310.98 6.02,310.78 6.08,310.58 6.21,310.41 6.33,310.23 6.51,310.11 6.68,309.99 6.88,309.92 7.09,309.86 7.30,309.87 7.51,309.88 7.71,309.95 7.91,310.02 8.07,310.16 8.24,310.29 8.35,310.47 8.47,310.65 8.52,310.86 8.57,311.06 8.55,311.27 8.53,311.49 8.45,311.68 8.36,311.88 8.22,312.03 8.08,312.19 7.89,312.29 7.71,312.40 7.50,312.44 7.29,312.48 7.08,312.45 6.87,312.42 6.68,312.32 6.49,312.23 6.34,312.08 6.19,311.93 6.19,311.93 6.19,311.93 5.08,310.68 3.97,309.43 3.69,308.35 3.41,307.28 3.23,305.86 3.05,304.43 2.95,303.31 2.86,302.18 2.55,300.66 2.24,299.14 1.80,296.98 1.36,294.83 1.38,293.01 1.40,291.19 1.46,289.28 1.51,287.37 1.68,285.81 1.84,284.26 1.89,282.61 1.94,280.95 1.58,279.30 1.21,277.64 0.70,275.40 0.19,273.15 -0.40,270.90 -1.00,268.64 -1.82,266.00 -2.63,263.36 -3.53,260.54 -4.44,257.71 -5.28,255.29 -6.12,252.87 -6.67,250.05 -7.21,247.23 -7.38,243.41 -7.56,239.60 -6.96,235.46 -6.36,231.33 -5.56,225.68 -4.76,220.03 -3.95,212.44 -3.14,204.84 -2.87,196.35 -2.60,187.86 -2.59,179.64 -2.59,171.43 -2.61,162.26 -2.62,153.08 -2.64,142.99 -2.67,132.90 -2.47,121.35 -2.28,109.79 -1.76,96.54 -1.25,83.28 -1.03,72.00 -0.81,60.71 -0.55,53.11 -0.29,45.51 0.01,39.46 0.31,33.41 0.72,29.15 1.13,24.88 1.44,20.24 1.75,15.59 1.82,12.07 1.88,8.54 1.65,5.69 1.42,2.84 0.50,2.04 -0.41,1.24 -0.55,1.17 -0.70,1.11 -0.82,1.01 -0.94,0.91 -1.04,0.78 -1.13,0.65 -1.19,0.51 -1.26,0.36 -1.28,0.20 -1.31,0.05 -1.29,-0.10 -1.28,-0.26 -1.23,-0.41 -1.18,-0.56 -1.10,-0.69 -1.01,-0.83 -0.90,-0.93 -0.78,-1.04 -0.65,-1.12 -0.51,-1.20 -0.36,-1.25 -0.21,-1.29 -0.05,-1.30 0.10,-1.30 0.26,-1.27 0.41,-1.24 0.41,-1.24 L 0.41,-1.24 Z"/></g><g transform="translate(142 214.5) rotate(0 146.5 1)" stroke="none"><path fill="#1e1e1e" d="M -1.06,-0.76 Q -1.06,-0.76 -0.85,-2.25 -0.64,-3.74 1.15,-4.73 2.94,-5.72 5.13,-6.32 7.33,-6.92 9.59,-7.31 11.85,-7.70 15.26,-8.14 18.68,-8.57 23.05,-8.88 27.43,-9.20 33.85,-9.03 40.27,-8.85 47.03,-8.34 53.79,-7.82 61.11,-7.16 68.43,-6.50 78.16,-5.49 87.89,-4.49 98.62,-3.49 109.35,-2.48 117.05,-1.92 124.76,-1.35 133.85,-1.25 142.95,-1.15 151.16,-1.11 159.37,-1.07 167.17,-1.04 174.97,-1.02 183.64,-0.72 192.32,-0.42 200.79,0.28 209.26,0.98 215.05,1.72 220.83,2.46 226.89,3.34 232.94,4.22 238.49,4.85 244.04,5.49 248.36,5.76 252.68,6.04 256.51,6.16 260.34,6.29 264.51,6.20 268.68,6.11 272.02,5.91 275.36,5.71 277.91,5.17 280.47,4.63 282.81,3.95 285.16,3.27 286.95,2.84 288.75,2.42 291.60,3.08 294.44,3.74 294.61,3.87 294.78,4.00 294.90,4.18 295.02,4.36 295.07,4.56 295.13,4.77 295.12,4.98 295.10,5.19 295.02,5.39 294.95,5.58 294.81,5.75 294.67,5.91 294.49,6.02 294.30,6.12 294.10,6.17 293.89,6.21 293.68,6.19 293.47,6.17 293.27,6.08 293.08,5.99 292.93,5.84 292.77,5.69 292.68,5.51 292.58,5.32 292.54,5.11 292.51,4.90 292.54,4.69 292.58,4.48 292.68,4.29 292.78,4.10 292.94,3.96 293.09,3.81 293.28,3.72 293.48,3.64 293.69,3.61 293.90,3.59 294.11,3.64 294.31,3.68 294.50,3.79 294.68,3.91 294.81,4.07 294.95,4.23 295.03,4.43 295.11,4.63 295.12,4.84 295.13,5.05 295.07,5.25 295.01,5.46 294.89,5.63 294.77,5.81 294.60,5.94 294.43,6.07 294.23,6.13 294.03,6.20 293.82,6.20 293.60,6.20 293.40,6.13 293.20,6.06 293.20,6.06 293.20,6.06 291.62,6.94 290.03,7.81 288.30,8.22 286.57,8.63 284.01,9.25 281.45,9.87 278.54,10.35 275.64,10.83 272.21,10.99 268.79,11.15 264.49,11.25 260.19,11.35 256.27,11.23 252.35,11.12 247.90,10.83 243.44,10.54 237.83,9.85 232.22,9.16 226.21,8.27 220.21,7.38 214.53,6.66 208.85,5.93 200.50,5.24 192.15,4.54 183.55,4.25 174.95,3.96 167.15,3.95 159.34,3.94 151.12,3.91 142.90,3.87 133.64,3.77 124.39,3.67 116.63,3.10 108.88,2.54 98.13,1.55 87.37,0.56 77.68,-0.41 67.98,-1.39 60.69,-2.01 53.41,-2.63 46.77,-3.10 40.14,-3.57 33.99,-3.69 27.84,-3.81 23.62,-3.46 19.40,-3.11 16.10,-2.65 12.80,-2.19 10.78,-1.85 8.77,-1.50 6.14,-0.89 3.51,-0.27 2.29,0.24 1.06,0.76 0.96,0.88 0.85,0.99 0.72,1.08 0.59,1.17 0.44,1.22 0.29,1.28 0.13,1.29 -0.02,1.31 -0.17,1.29 -0.33,1.26 -0.48,1.21 -0.62,1.15 -0.75,1.06 -0.88,0.96 -0.98,0.84 -1.09,0.72 -1.16,0.58 -1.23,0.44 -1.27,0.29 -1.30,0.13 -1.30,-0.02 -1.30,-0.17 -1.26,-0.33 -1.22,-0.48 -1.14,-0.62 -1.06,-0.76 -1.06,-0.76 L -1.06,-0.76 Z"/></g><g transform="translate(197 37.5) rotate(0 8 7.5)" stroke="none"><path fill="#1e1e1e" d="M -1.29,0.19 Q -1.29,0.19 -2.19,-1.57 -3.09,-3.35 -3.03,-4.15 -2.98,-4.94 -2.99,-5.24 -3.00,-5.54 -2.94,-5.83 -2.87,-6.13 -2.74,-6.40 -2.61,-6.67 -2.42,-6.90 -2.23,-7.13 -1.99,-7.30 -1.75,-7.48 -1.47,-7.60 -1.20,-7.71 -0.90,-7.76 -0.61,-7.80 -0.31,-7.77 -0.01,-7.75 0.26,-7.65 0.55,-7.55 0.80,-7.39 1.05,-7.23 1.25,-7.01 1.46,-6.79 1.61,-6.53 1.75,-6.27 1.84,-5.99 1.92,-5.70 1.98,-3.32 2.05,-0.94 1.87,1.27 1.69,3.49 1.47,5.19 1.26,6.90 1.21,8.23 1.16,9.57 -0.18,9.82 -1.54,10.06 -0.06,9.14 1.41,8.22 2.66,7.30 3.92,6.38 5.40,5.36 6.88,4.35 8.74,3.29 10.61,2.23 12.16,1.48 13.72,0.73 15.96,1.10 18.20,1.47 18.82,2.48 19.45,3.50 19.38,5.27 19.31,7.04 18.93,8.69 18.55,10.34 17.94,12.13 17.33,13.93 16.77,15.37 16.21,16.81 14.57,19.14 12.93,21.48 12.82,21.66 12.70,21.84 12.54,21.97 12.37,22.10 12.17,22.18 11.97,22.25 11.76,22.26 11.55,22.26 11.35,22.20 11.14,22.14 10.97,22.02 10.80,21.89 10.67,21.72 10.55,21.55 10.48,21.35 10.42,21.14 10.43,20.93 10.43,20.72 10.50,20.52 10.58,20.32 10.71,20.15 10.84,19.99 11.02,19.87 11.20,19.76 11.41,19.70 11.61,19.65 11.82,19.67 12.04,19.69 12.23,19.77 12.43,19.85 12.59,19.99 12.74,20.14 12.85,20.32 12.95,20.50 12.99,20.71 13.04,20.92 13.01,21.13 12.98,21.34 12.89,21.53 12.79,21.72 12.64,21.88 12.49,22.03 12.30,22.12 12.11,22.22 11.90,22.24 11.69,22.27 11.48,22.23 11.27,22.20 11.09,22.09 10.90,21.99 10.76,21.83 10.62,21.67 10.53,21.48 10.45,21.28 10.43,21.07 10.41,20.86 10.46,20.65 10.51,20.45 10.51,20.45 10.51,20.45 10.93,17.71 11.35,14.98 11.87,13.58 12.38,12.18 12.93,10.67 13.47,9.16 14.70,7.27 15.93,5.37 14.54,6.04 13.15,6.72 11.48,7.66 9.82,8.61 8.39,9.60 6.97,10.59 5.44,11.68 3.92,12.78 1.83,13.70 -0.25,14.63 -2.12,13.12 -3.99,11.62 -3.94,10.43 -3.89,9.24 -3.75,7.74 -3.61,6.25 -3.39,4.67 -3.16,3.09 -2.99,0.98 -2.82,-1.12 -2.90,-3.03 -2.98,-4.94 -2.99,-5.24 -3.00,-5.54 -2.94,-5.83 -2.87,-6.13 -2.74,-6.40 -2.61,-6.66 -2.42,-6.90 -2.23,-7.13 -1.99,-7.30 -1.75,-7.48 -1.47,-7.60 -1.20,-7.71 -0.90,-7.76 -0.61,-7.80 -0.31,-7.77 -0.01,-7.75 0.26,-7.65 0.55,-7.55 0.80,-7.39 1.05,-7.23 1.25,-7.01 1.46,-6.80 1.61,-6.53 1.75,-6.27 1.84,-5.99 1.92,-5.70 1.93,-4.91 1.94,-4.11 1.62,-2.15 1.29,-0.19 1.30,-0.04 1.30,0.11 1.27,0.27 1.24,0.42 1.17,0.56 1.10,0.71 1.00,0.83 0.90,0.95 0.77,1.04 0.64,1.14 0.50,1.20 0.35,1.26 0.19,1.28 0.04,1.31 -0.11,1.29 -0.27,1.28 -0.42,1.23 -0.57,1.18 -0.70,1.09 -0.83,1.01 -0.94,0.89 -1.05,0.77 -1.13,0.64 -1.21,0.50 -1.25,0.35 -1.29,0.19 -1.29,0.19 L -1.29,0.19 Z"/></g><g transform="translate(222 41.5) rotate(0 -2 4.25)" stroke="none"><path fill="#1e1e1e" d="M 0,1.31 Q 0,1.31 -0.18,1.76 -0.36,2.22 -0.64,3.95 -0.91,5.67 -1.57,8.00 -2.23,10.34 -2.25,10.55 -2.26,10.76 -2.35,10.96 -2.44,11.15 -2.58,11.31 -2.72,11.46 -2.91,11.57 -3.09,11.67 -3.30,11.71 -3.51,11.75 -3.72,11.72 -3.93,11.69 -4.12,11.59 -4.31,11.49 -4.46,11.34 -4.61,11.19 -4.70,11.00 -4.79,10.81 -4.82,10.60 -4.85,10.39 -4.81,10.18 -4.77,9.97 -4.66,9.79 -4.55,9.60 -4.39,9.46 -4.24,9.32 -4.04,9.24 -3.84,9.16 -3.63,9.14 -3.42,9.13 -3.21,9.18 -3.01,9.23 -2.83,9.35 -2.65,9.46 -2.52,9.63 -2.39,9.80 -2.32,10.00 -2.24,10.20 -2.24,10.41 -2.24,10.62 -2.30,10.82 -2.36,11.03 -2.49,11.20 -2.62,11.37 -2.79,11.49 -2.96,11.62 -3.17,11.68 -3.37,11.74 -3.58,11.73 -3.79,11.72 -3.99,11.65 -4.19,11.57 -4.36,11.44 -4.52,11.30 -4.63,11.12 -4.75,10.94 -4.80,10.74 -4.85,10.53 -4.85,10.53 -4.85,10.53 -5.32,7.47 -5.80,4.41 -5.19,2.30 -4.58,0.20 -3.25,-1.00 -1.93,-2.22 -0.96,-1.76 0,-1.31 0.15,-1.29 0.31,-1.27 0.46,-1.21 0.61,-1.16 0.74,-1.07 0.87,-0.98 0.97,-0.86 1.08,-0.74 1.15,-0.60 1.22,-0.46 1.26,-0.31 1.30,-0.15 1.30,0.00 1.30,0.15 1.26,0.31 1.22,0.46 1.15,0.60 1.08,0.74 0.97,0.86 0.87,0.98 0.74,1.07 0.61,1.16 0.46,1.21 0.31,1.27 0.15,1.29 -0.00,1.31 -0.00,1.31 L 0,1.31 Z"/></g><g transform="translate(225.5 26.5) rotate(0 -1.25 -1.75)" stroke="none"><path fill="#1e1e1e" d="M -1.02,0.82 Q -1.02,0.82 -1.84,-0.20 -2.66,-1.22 -2.76,-1.41 -2.87,-1.59 -2.91,-1.80 -2.95,-2.01 -2.92,-2.22 -2.89,-2.43 -2.79,-2.62 -2.70,-2.81 -2.55,-2.96 -2.40,-3.11 -2.21,-3.21 -2.02,-3.30 -1.81,-3.33 -1.60,-3.36 -1.39,-3.32 -1.18,-3.28 -0.99,-3.17 -0.81,-3.07 -0.67,-2.91 -0.53,-2.75 -0.44,-2.55 -0.36,-2.36 -0.34,-2.15 -0.33,-1.93 -0.38,-1.73 -0.43,-1.52 -0.54,-1.34 -0.66,-1.16 -0.82,-1.03 -0.99,-0.90 -1.19,-0.83 -1.39,-0.75 -1.60,-0.75 -1.81,-0.74 -2.02,-0.81 -2.22,-0.87 -2.39,-0.99 -2.56,-1.12 -2.69,-1.29 -2.81,-1.46 -2.87,-1.67 -2.94,-1.87 -2.93,-2.08 -2.92,-2.29 -2.85,-2.49 -2.78,-2.69 -2.64,-2.86 -2.51,-3.02 -2.33,-3.14 -2.15,-3.25 -1.94,-3.30 -1.74,-3.35 -1.53,-3.33 -1.31,-3.32 -1.12,-3.23 -0.92,-3.15 -0.77,-3.01 -0.61,-2.86 -0.61,-2.86 -0.61,-2.86 0.20,-1.84 1.02,-0.82 1.10,-0.68 1.19,-0.55 1.24,-0.40 1.28,-0.24 1.30,-0.09 1.31,0.06 1.28,0.22 1.25,0.37 1.19,0.52 1.13,0.66 1.03,0.79 0.93,0.91 0.81,1.01 0.69,1.11 0.54,1.18 0.40,1.24 0.24,1.27 0.09,1.31 -0.06,1.30 -0.22,1.29 -0.37,1.24 -0.52,1.20 -0.66,1.12 -0.79,1.04 -0.91,0.93 -1.02,0.82 -1.02,0.82 L -1.02,0.82 Z"/></g><g transform="translate(224 46.5) rotate(0 5.5 0.75)" stroke="none"><path fill="#1e1e1e" d="M -1.28,-0.25 Q -1.28,-0.25 -1.43,-1.92 -1.58,-3.59 -0.38,-4.88 0.80,-6.17 2.54,-6.72 4.27,-7.27 6.34,-6.82 8.40,-6.37 9.73,-5.65 11.06,-4.92 11.87,-4.22 12.67,-3.53 13.86,-2.21 15.04,-0.90 15.39,1.06 15.73,3.02 14.74,3.97 13.75,4.92 11.89,5.51 10.03,6.10 8.41,6.46 6.79,6.83 5.52,7.23 4.25,7.64 2.99,8.09 1.73,8.54 -0.59,8.39 -2.93,8.24 -3.14,8.24 -3.35,8.23 -3.55,8.16 -3.75,8.08 -3.91,7.95 -4.08,7.82 -4.20,7.64 -4.31,7.46 -4.36,7.25 -4.41,7.05 -4.40,6.84 -4.38,6.62 -4.29,6.43 -4.21,6.23 -4.07,6.08 -3.93,5.92 -3.74,5.81 -3.56,5.71 -3.35,5.67 -3.14,5.63 -2.93,5.66 -2.72,5.69 -2.53,5.78 -2.34,5.87 -2.19,6.02 -2.04,6.18 -1.94,6.37 -1.85,6.56 -1.82,6.77 -1.79,6.98 -1.83,7.19 -1.87,7.39 -1.98,7.58 -2.08,7.76 -2.24,7.91 -2.40,8.05 -2.59,8.13 -2.79,8.22 -3.00,8.23 -3.21,8.25 -3.42,8.20 -3.62,8.15 -3.80,8.03 -3.98,7.92 -4.11,7.75 -4.25,7.59 -4.32,7.39 -4.39,7.19 -4.40,6.98 -4.40,6.76 -4.34,6.56 -4.28,6.36 -4.16,6.19 -4.03,6.01 -3.86,5.89 -3.69,5.76 -3.48,5.70 -3.28,5.64 -3.28,5.64 -3.28,5.64 -1.58,4.85 0.12,4.06 1.46,3.56 2.81,3.07 4.28,2.61 5.75,2.15 7.22,1.83 8.68,1.50 10.05,1.74 11.41,1.97 10.47,0.94 9.54,-0.09 8.31,-1.00 7.08,-1.91 6.10,-2.34 5.11,-2.77 3.92,-2.46 2.73,-2.15 2.01,-0.94 1.28,0.25 1.23,0.40 1.18,0.55 1.10,0.69 1.02,0.82 0.90,0.93 0.79,1.04 0.65,1.12 0.51,1.20 0.36,1.25 0.21,1.29 0.05,1.30 -0.10,1.30 -0.25,1.27 -0.41,1.24 -0.55,1.18 -0.69,1.11 -0.82,1.01 -0.94,0.91 -1.03,0.78 -1.13,0.66 -1.19,0.51 -1.26,0.37 -1.28,0.21 -1.31,0.05 -1.29,-0.09 -1.28,-0.25 -1.28,-0.25 L -1.28,-0.25 Z"/></g><g transform="translate(243.5 18) rotate(0 -3.75 18)" stroke="none"><path fill="#1e1e1e" d="M 1.20,0.51 Q 1.20,0.51 0.82,2.73 0.45,4.94 -0.29,8.45 -1.05,11.97 -2.13,16.72 -3.21,21.47 -3.80,25.01 -4.38,28.54 -5.26,31.85 -6.13,35.16 -6.19,35.36 -6.25,35.56 -6.37,35.74 -6.50,35.91 -6.67,36.03 -6.84,36.16 -7.04,36.22 -7.25,36.29 -7.46,36.28 -7.67,36.28 -7.87,36.20 -8.07,36.13 -8.24,36.00 -8.40,35.87 -8.52,35.69 -8.63,35.51 -8.68,35.30 -8.74,35.10 -8.72,34.89 -8.70,34.67 -8.62,34.48 -8.54,34.28 -8.40,34.12 -8.25,33.96 -8.07,33.86 -7.89,33.75 -7.68,33.71 -7.47,33.67 -7.26,33.70 -7.05,33.73 -6.86,33.82 -6.67,33.92 -6.51,34.06 -6.36,34.21 -6.27,34.40 -6.17,34.59 -6.14,34.80 -6.11,35.02 -6.15,35.22 -6.19,35.43 -6.30,35.62 -6.40,35.80 -6.56,35.95 -6.72,36.09 -6.91,36.17 -7.11,36.26 -7.32,36.28 -7.53,36.29 -7.74,36.24 -7.94,36.19 -8.12,36.08 -8.30,35.97 -8.43,35.80 -8.57,35.64 -8.64,35.44 -8.72,35.24 -8.72,35.03 -8.73,34.81 -8.73,34.81 -8.73,34.81 -8.79,31.31 -8.85,27.81 -8.25,24.14 -7.66,20.48 -6.62,15.74 -5.59,11.00 -4.74,7.05 -3.90,3.10 -2.55,1.29 -1.20,-0.51 -1.12,-0.65 -1.04,-0.79 -0.93,-0.90 -0.82,-1.01 -0.69,-1.10 -0.56,-1.18 -0.41,-1.23 -0.25,-1.28 -0.10,-1.29 0.05,-1.31 0.21,-1.28 0.36,-1.26 0.51,-1.19 0.65,-1.13 0.78,-1.04 0.91,-0.94 1.01,-0.82 1.11,-0.69 1.17,-0.55 1.24,-0.41 1.27,-0.25 1.30,-0.10 1.30,0.05 1.29,0.21 1.25,0.36 1.20,0.51 1.20,0.51 L 1.20,0.51 Z"/></g><g transform="translate(228.5 36) rotate(0 3.5 1.5)" stroke="none"><path fill="#1e1e1e" d="M 0.50,-1.21 Q 0.50,-1.21 2.43,-0.98 4.36,-0.76 5.62,0.37 6.88,1.51 7.06,1.63 7.24,1.74 7.37,1.91 7.50,2.08 7.57,2.28 7.65,2.48 7.65,2.69 7.65,2.90 7.59,3.10 7.53,3.31 7.40,3.48 7.27,3.65 7.10,3.77 6.93,3.89 6.72,3.95 6.52,4.02 6.31,4.01 6.10,4.00 5.90,3.93 5.70,3.85 5.53,3.72 5.37,3.58 5.26,3.40 5.14,3.22 5.09,3.01 5.04,2.81 5.06,2.60 5.08,2.38 5.17,2.19 5.25,2.00 5.40,1.84 5.54,1.68 5.73,1.58 5.91,1.48 6.12,1.44 6.33,1.40 6.54,1.43 6.75,1.46 6.94,1.56 7.13,1.65 7.28,1.80 7.43,1.96 7.52,2.15 7.61,2.34 7.64,2.55 7.67,2.76 7.62,2.97 7.58,3.18 7.48,3.36 7.37,3.54 7.21,3.68 7.05,3.83 6.86,3.91 6.66,3.99 6.45,4.01 6.24,4.02 6.03,3.97 5.82,3.91 5.82,3.91 5.82,3.91 4.18,3.78 2.53,3.64 1.01,2.42 -0.50,1.21 -0.64,1.13 -0.78,1.05 -0.89,0.94 -1.01,0.83 -1.09,0.70 -1.18,0.57 -1.23,0.42 -1.28,0.27 -1.29,0.11 -1.31,-0.04 -1.28,-0.19 -1.26,-0.35 -1.20,-0.50 -1.14,-0.64 -1.04,-0.77 -0.95,-0.90 -0.83,-1.00 -0.71,-1.10 -0.56,-1.17 -0.42,-1.24 -0.27,-1.27 -0.11,-1.30 0.04,-1.30 0.20,-1.29 0.35,-1.25 0.50,-1.21 0.50,-1.21 L 0.50,-1.21 Z"/></g><g transform="translate(244.5 49) rotate(0 -2.75 -1.75)" stroke="none"><path fill="#1e1e1e" d="M -0.13,1.30 Q -0.13,1.30 -1.55,1.70 -2.97,2.10 -1.26,1.10 0.45,0.11 1.70,-0.74 2.95,-1.60 3.37,-2.86 3.79,-4.12 2.55,-4.52 1.32,-4.92 0.02,-4.85 -1.27,-4.79 -3.61,-3.61 -5.95,-2.43 -8.57,-1.27 -11.18,-0.11 -11.38,-0.03 -11.57,0.05 -11.78,0.07 -11.99,0.09 -12.20,0.04 -12.41,-0.00 -12.59,-0.11 -12.77,-0.22 -12.90,-0.39 -13.04,-0.55 -13.11,-0.75 -13.19,-0.95 -13.20,-1.16 -13.21,-1.37 -13.15,-1.58 -13.09,-1.78 -12.96,-1.96 -12.84,-2.13 -12.67,-2.26 -12.50,-2.38 -12.30,-2.45 -12.09,-2.51 -11.88,-2.51 -11.67,-2.50 -11.47,-2.43 -11.27,-2.36 -11.10,-2.23 -10.93,-2.10 -10.82,-1.92 -10.70,-1.74 -10.65,-1.54 -10.59,-1.33 -10.61,-1.12 -10.62,-0.91 -10.71,-0.71 -10.79,-0.52 -10.93,-0.36 -11.07,-0.20 -11.25,-0.09 -11.44,0.01 -11.64,0.05 -11.85,0.09 -12.06,0.06 -12.27,0.04 -12.46,-0.04 -12.66,-0.14 -12.81,-0.28 -12.96,-0.43 -13.06,-0.62 -13.15,-0.81 -13.18,-1.02 -13.22,-1.23 -13.18,-1.44 -13.14,-1.65 -13.04,-1.84 -12.93,-2.02 -12.78,-2.17 -12.62,-2.31 -12.62,-2.31 -12.62,-2.31 -10.28,-4.40 -7.93,-6.50 -4.79,-7.98 -1.65,-9.46 0.46,-9.56 2.59,-9.66 4.84,-8.79 7.08,-7.93 8.00,-6.00 8.92,-4.08 8.54,-2.12 8.15,-0.16 6.95,1.16 5.75,2.49 4.11,3.58 2.46,4.67 0.70,5.36 -1.05,6.05 -2.32,6.08 -3.58,6.11 -4.80,5.49 -6.01,4.88 -6.66,3.25 -7.32,1.62 -6.68,0.20 -6.04,-1.21 -4.40,-1.94 -2.77,-2.67 -1.32,-1.99 0.13,-1.30 0.28,-1.27 0.43,-1.23 0.58,-1.16 0.72,-1.09 0.84,-0.99 0.96,-0.89 1.05,-0.76 1.14,-0.63 1.20,-0.48 1.26,-0.34 1.29,-0.18 1.31,-0.02 1.29,0.12 1.28,0.28 1.22,0.43 1.17,0.58 1.08,0.71 1.00,0.84 0.88,0.95 0.76,1.06 0.63,1.14 0.49,1.21 0.33,1.25 0.18,1.30 0.02,1.30 -0.13,1.30 -0.13,1.30 L -0.13,1.30 Z"/></g><g transform="translate(253 47.5) rotate(0 6.75 -1.75)" stroke="none"><path fill="#1e1e1e" d="M -1.11,-0.69 Q -1.11,-0.69 -0.81,-2.12 -0.52,-3.55 0.55,-4.59 1.63,-5.63 2.61,-6.25 3.60,-6.88 4.22,-7.08 4.84,-7.29 5.10,-7.40 5.37,-7.52 5.66,-7.57 5.95,-7.62 6.24,-7.60 6.53,-7.58 6.81,-7.49 7.09,-7.40 7.33,-7.24 7.58,-7.09 7.79,-6.88 7.99,-6.67 8.14,-6.42 8.29,-6.17 8.37,-5.89 8.45,-5.61 8.47,-5.31 8.48,-5.02 8.43,-4.73 8.37,-4.45 8.25,-4.18 8.12,-3.92 7.94,-3.69 7.76,-3.46 7.52,-3.28 7.29,-3.11 6.86,-1.27 6.44,0.55 9.30,-0.47 12.16,-1.50 12.37,-1.52 12.58,-1.54 12.79,-1.49 13.00,-1.44 13.18,-1.33 13.36,-1.22 13.50,-1.06 13.63,-0.90 13.71,-0.70 13.79,-0.50 13.80,-0.29 13.80,-0.07 13.75,0.12 13.69,0.32 13.57,0.50 13.44,0.67 13.27,0.80 13.10,0.93 12.90,0.99 12.70,1.06 12.49,1.06 12.27,1.05 12.07,0.98 11.87,0.91 11.71,0.78 11.54,0.65 11.42,0.48 11.30,0.30 11.25,0.09 11.19,-0.10 11.21,-0.31 11.22,-0.53 11.30,-0.72 11.38,-0.92 11.52,-1.08 11.66,-1.24 11.84,-1.35 12.03,-1.45 12.23,-1.50 12.44,-1.54 12.65,-1.52 12.86,-1.49 13.06,-1.40 13.25,-1.31 13.40,-1.16 13.55,-1.01 13.65,-0.82 13.75,-0.64 13.78,-0.43 13.81,-0.22 13.78,-0.01 13.74,0.19 13.64,0.38 13.54,0.57 13.38,0.71 13.23,0.85 13.03,0.94 12.84,1.03 12.84,1.03 12.84,1.03 10.77,2.14 8.70,3.26 7.46,3.71 6.21,4.16 4.87,4.11 3.53,4.06 2.69,3.27 1.84,2.49 1.90,0.25 1.96,-1.99 2.79,-3.19 3.62,-4.39 4.23,-5.84 4.83,-7.29 5.10,-7.40 5.37,-7.52 5.66,-7.57 5.95,-7.62 6.24,-7.60 6.53,-7.58 6.81,-7.49 7.09,-7.40 7.33,-7.24 7.58,-7.09 7.79,-6.88 7.99,-6.67 8.14,-6.42 8.29,-6.17 8.37,-5.89 8.45,-5.61 8.47,-5.31 8.48,-5.02 8.43,-4.73 8.37,-4.45 8.25,-4.18 8.12,-3.92 7.94,-3.69 7.76,-3.46 7.53,-3.29 7.29,-3.11 6.65,-2.91 6.01,-2.71 4.70,-1.88 3.39,-1.04 2.25,-0.17 1.11,0.69 1.01,0.81 0.91,0.94 0.78,1.03 0.66,1.13 0.51,1.19 0.37,1.25 0.21,1.28 0.05,1.31 -0.09,1.30 -0.25,1.28 -0.40,1.23 -0.55,1.18 -0.69,1.10 -0.82,1.02 -0.93,0.90 -1.04,0.79 -1.12,0.65 -1.20,0.52 -1.25,0.36 -1.29,0.21 -1.30,0.05 -1.30,-0.09 -1.27,-0.25 -1.24,-0.40 -1.18,-0.55 -1.11,-0.69 -1.11,-0.69 L -1.11,-0.69 Z"/></g><g transform="translate(270.5 39.5) rotate(0 2 6)" stroke="none"><path fill="#1e1e1e" d="M 1.26,-0.34 Q 1.26,-0.34 2.27,1.08 3.27,2.50 3.59,4.43 3.92,6.36 4.40,8.64 4.87,10.91 4.95,11.11 5.03,11.31 5.05,11.52 5.06,11.73 5.00,11.94 4.95,12.14 4.83,12.32 4.71,12.49 4.54,12.62 4.37,12.75 4.17,12.82 3.97,12.89 3.76,12.89 3.55,12.89 3.34,12.83 3.14,12.76 2.97,12.63 2.80,12.50 2.68,12.33 2.56,12.15 2.51,11.95 2.45,11.74 2.46,11.53 2.47,11.32 2.55,11.12 2.62,10.92 2.76,10.76 2.90,10.60 3.08,10.49 3.26,10.38 3.47,10.33 3.68,10.29 3.89,10.31 4.10,10.33 4.29,10.42 4.48,10.51 4.64,10.65 4.79,10.80 4.89,10.98 4.99,11.17 5.03,11.38 5.07,11.59 5.03,11.80 5.00,12.01 4.90,12.20 4.80,12.39 4.65,12.53 4.49,12.68 4.30,12.77 4.11,12.86 3.90,12.88 3.69,12.91 3.48,12.86 3.27,12.82 3.09,12.71 2.91,12.60 2.77,12.44 2.63,12.28 2.63,12.28 2.63,12.28 0.87,9.76 -0.88,7.24 -1.21,5.53 -1.54,3.81 -1.40,2.08 -1.26,0.34 -1.28,0.18 -1.31,0.03 -1.29,-0.12 -1.28,-0.28 -1.23,-0.43 -1.17,-0.58 -1.09,-0.71 -1.00,-0.84 -0.88,-0.95 -0.77,-1.06 -0.63,-1.13 -0.49,-1.21 -0.34,-1.25 -0.19,-1.29 -0.03,-1.30 0.12,-1.30 0.28,-1.27 0.43,-1.23 0.57,-1.16 0.71,-1.09 0.84,-0.99 0.96,-0.89 1.05,-0.76 1.14,-0.63 1.20,-0.49 1.26,-0.34 1.26,-0.34 L 1.26,-0.34 Z"/></g><g transform="translate(284 40) rotate(0 -6.75 12.25)" stroke="none"><path fill="#1e1e1e" d="M 1.07,0.74 Q 1.07,0.74 0.25,2.93 -0.57,5.13 -1.63,7.10 -2.69,9.06 -4.79,13.06 -6.90,17.05 -9.21,20.32 -11.52,23.58 -11.65,23.75 -11.77,23.92 -11.95,24.04 -12.13,24.16 -12.33,24.21 -12.54,24.27 -12.75,24.26 -12.96,24.24 -13.16,24.16 -13.36,24.08 -13.52,23.95 -13.68,23.81 -13.79,23.63 -13.90,23.44 -13.94,23.24 -13.99,23.03 -13.96,22.82 -13.94,22.61 -13.85,22.41 -13.76,22.22 -13.61,22.07 -13.46,21.91 -13.28,21.81 -13.09,21.72 -12.88,21.68 -12.67,21.65 -12.46,21.68 -12.25,21.72 -12.06,21.82 -11.87,21.92 -11.73,22.07 -11.58,22.23 -11.50,22.42 -11.41,22.62 -11.39,22.83 -11.36,23.04 -11.41,23.25 -11.46,23.45 -11.57,23.64 -11.68,23.82 -11.84,23.95 -12.00,24.09 -12.20,24.17 -12.40,24.25 -12.61,24.26 -12.82,24.27 -13.03,24.21 -13.23,24.15 -13.41,24.03 -13.58,23.91 -13.71,23.74 -13.84,23.57 -13.90,23.37 -13.97,23.17 -13.97,22.96 -13.97,22.74 -13.90,22.54 -13.83,22.34 -13.83,22.34 -13.83,22.34 -12.42,18.65 -11.00,14.97 -8.99,10.86 -6.98,6.75 -5.79,4.55 -4.60,2.34 -2.84,0.79 -1.07,-0.74 -0.97,-0.86 -0.86,-0.98 -0.73,-1.07 -0.60,-1.16 -0.46,-1.21 -0.31,-1.27 -0.15,-1.29 0.00,-1.31 0.15,-1.29 0.31,-1.27 0.46,-1.21 0.61,-1.16 0.74,-1.07 0.87,-0.98 0.97,-0.86 1.08,-0.74 1.15,-0.60 1.22,-0.46 1.26,-0.31 1.30,-0.15 1.30,0.00 1.30,0.16 1.26,0.31 1.22,0.46 1.15,0.60 1.07,0.74 1.07,0.74 L 1.07,0.74 Z"/></g><g transform="translate(184.5 255) rotate(0 7.25 -3.75)" stroke="none"><path fill="#1e1e1e" d="M -1.24,0.41 Q -1.24,0.41 -2.44,-1.11 -3.63,-2.63 -3.81,-4.09 -4.00,-5.55 -3.93,-6.87 -3.86,-8.18 -3.46,-9.24 -3.06,-10.29 -1.85,-11.24 -0.65,-12.19 0.90,-12.35 2.46,-12.51 3.54,-12.35 4.62,-12.20 5.99,-11.82 7.37,-11.44 8.55,-11.16 9.74,-10.89 11.20,-10.63 12.66,-10.37 14.07,-9.93 15.47,-9.49 16.61,-8.96 17.76,-8.42 18.82,-6.86 19.88,-5.30 19.69,-3.92 19.51,-2.55 18.11,-1.43 16.70,-0.31 15.20,0.07 13.71,0.46 11.63,0.85 9.56,1.24 7.40,1.56 5.23,1.88 3.25,2.33 1.27,2.78 -0.67,3.29 -2.61,3.80 -2.82,3.86 -3.02,3.91 -3.24,3.90 -3.45,3.89 -3.65,3.82 -3.84,3.74 -4.01,3.60 -4.17,3.46 -4.28,3.28 -4.39,3.10 -4.44,2.89 -4.48,2.69 -4.46,2.47 -4.44,2.26 -4.35,2.07 -4.26,1.88 -4.12,1.72 -3.97,1.57 -3.78,1.47 -3.60,1.37 -3.39,1.33 -3.18,1.30 -2.97,1.33 -2.76,1.36 -2.57,1.46 -2.38,1.56 -2.23,1.71 -2.09,1.87 -2.00,2.06 -1.91,2.25 -1.88,2.46 -1.86,2.68 -1.90,2.88 -1.95,3.09 -2.06,3.27 -2.17,3.46 -2.33,3.59 -2.49,3.73 -2.69,3.81 -2.88,3.89 -3.10,3.90 -3.31,3.92 -3.51,3.86 -3.72,3.80 -3.89,3.69 -4.07,3.57 -4.20,3.40 -4.33,3.23 -4.40,3.03 -4.47,2.83 -4.47,2.61 -4.47,2.40 -4.40,2.20 -4.33,2.00 -4.21,1.83 -4.08,1.66 -3.90,1.54 -3.73,1.42 -3.73,1.42 -3.73,1.42 -1.93,0.18 -0.14,-1.04 2.01,-2.13 4.17,-3.21 6.34,-3.79 8.52,-4.37 11.20,-4.53 13.89,-4.68 12.84,-5.05 11.79,-5.41 10.19,-5.68 8.59,-5.96 7.29,-6.27 6.00,-6.57 4.92,-6.88 3.84,-7.19 2.70,-7.42 1.57,-7.64 1.45,-5.95 1.33,-4.26 1.29,-2.33 1.24,-0.41 1.27,-0.26 1.30,-0.10 1.30,0.05 1.29,0.21 1.25,0.36 1.20,0.51 1.12,0.65 1.04,0.78 0.93,0.90 0.83,1.01 0.69,1.10 0.56,1.18 0.41,1.23 0.26,1.28 0.10,1.29 -0.05,1.31 -0.20,1.28 -0.36,1.26 -0.51,1.19 -0.65,1.13 -0.78,1.04 -0.91,0.94 -1.01,0.82 -1.11,0.70 -1.17,0.55 -1.24,0.41 -1.24,0.41 L -1.24,0.41 Z"/></g><g transform="translate(221.5 222.5) rotate(0 -3.25 12.5)" stroke="none"><path fill="#1e1e1e" d="M 1.19,0.53 Q 1.19,0.53 0.37,3.62 -0.44,6.70 -1.25,9.74 -2.06,12.78 -3.03,16.31 -4.00,19.83 -4.40,21.37 -4.80,22.91 -4.87,23.11 -4.94,23.31 -5.07,23.48 -5.20,23.65 -5.38,23.77 -5.55,23.88 -5.76,23.94 -5.96,23.99 -6.18,23.98 -6.39,23.97 -6.58,23.89 -6.78,23.80 -6.94,23.66 -7.10,23.53 -7.21,23.34 -7.32,23.16 -7.36,22.95 -7.40,22.74 -7.38,22.53 -7.35,22.32 -7.26,22.13 -7.17,21.94 -7.02,21.78 -6.87,21.63 -6.69,21.53 -6.50,21.44 -6.29,21.41 -6.08,21.37 -5.87,21.41 -5.66,21.45 -5.47,21.55 -5.28,21.65 -5.14,21.81 -5.00,21.96 -4.91,22.16 -4.82,22.35 -4.80,22.56 -4.78,22.77 -4.83,22.98 -4.88,23.19 -4.99,23.37 -5.10,23.55 -5.26,23.68 -5.43,23.82 -5.62,23.90 -5.82,23.97 -6.03,23.98 -6.25,23.99 -6.45,23.93 -6.66,23.87 -6.83,23.75 -7.00,23.63 -7.13,23.46 -7.26,23.29 -7.32,23.09 -7.39,22.88 -7.39,22.67 -7.38,22.46 -7.38,22.46 -7.38,22.46 -7.23,20.88 -7.08,19.29 -6.77,15.47 -6.46,11.64 -5.59,8.22 -4.72,4.79 -2.96,2.12 -1.19,-0.53 -1.11,-0.67 -1.03,-0.80 -0.92,-0.92 -0.80,-1.03 -0.67,-1.11 -0.53,-1.19 -0.38,-1.24 -0.23,-1.29 -0.07,-1.30 0.07,-1.31 0.23,-1.28 0.39,-1.25 0.53,-1.18 0.67,-1.12 0.80,-1.02 0.92,-0.92 1.02,-0.80 1.12,-0.67 1.18,-0.53 1.25,-0.39 1.28,-0.23 1.31,-0.07 1.30,0.07 1.29,0.23 1.24,0.38 1.19,0.53 1.19,0.53 L 1.19,0.53 Z"/></g><g transform="translate(199.5 241) rotate(0 10.75 2.5)" stroke="none"><path fill="#1e1e1e" d="M 0.51,-1.20 Q 0.51,-1.20 3.75,-0.44 6.99,0.31 10.31,1.04 13.62,1.78 16.85,2.43 20.08,3.09 20.29,3.14 20.49,3.18 20.67,3.30 20.86,3.41 20.99,3.57 21.13,3.73 21.20,3.93 21.28,4.13 21.29,4.34 21.30,4.55 21.24,4.76 21.18,4.96 21.06,5.14 20.94,5.31 20.77,5.44 20.60,5.57 20.40,5.63 20.20,5.70 19.98,5.70 19.77,5.69 19.57,5.62 19.37,5.55 19.20,5.42 19.03,5.29 18.92,5.12 18.80,4.94 18.74,4.74 18.69,4.53 18.70,4.32 18.72,4.11 18.80,3.91 18.88,3.71 19.02,3.55 19.16,3.39 19.34,3.28 19.52,3.18 19.73,3.13 19.94,3.09 20.15,3.11 20.36,3.14 20.55,3.23 20.74,3.32 20.90,3.47 21.05,3.62 21.15,3.80 21.24,3.99 21.28,4.20 21.31,4.41 21.27,4.62 21.24,4.83 21.14,5.02 21.03,5.20 20.88,5.35 20.72,5.49 20.53,5.58 20.34,5.67 20.12,5.69 19.91,5.71 19.91,5.71 19.91,5.71 16.35,5.94 12.78,6.16 8.92,5.51 5.07,4.86 2.27,3.03 -0.51,1.20 -0.65,1.12 -0.79,1.04 -0.90,0.93 -1.01,0.82 -1.10,0.69 -1.18,0.56 -1.23,0.41 -1.28,0.25 -1.29,0.10 -1.31,-0.05 -1.28,-0.21 -1.26,-0.36 -1.19,-0.51 -1.13,-0.65 -1.04,-0.78 -0.94,-0.91 -0.82,-1.01 -0.69,-1.11 -0.55,-1.17 -0.41,-1.24 -0.25,-1.27 -0.10,-1.30 0.05,-1.30 0.21,-1.29 0.36,-1.25 0.51,-1.20 0.51,-1.20 L 0.51,-1.20 Z"/></g><g transform="translate(227 249) rotate(0 4.75 6.25)" stroke="none"><path fill="#1e1e1e" d="M 0.65,1.14 Q 0.65,1.14 0.04,2.06 -0.55,2.99 -0.69,4.42 -0.83,5.85 1.02,4.06 2.89,2.26 4.42,0.06 5.96,-2.13 7.03,-3.89 8.10,-5.65 8.99,-6.94 9.87,-8.23 9.99,-8.22 10.11,-8.21 10.30,-8.45 10.49,-8.68 10.73,-8.86 10.97,-9.04 11.25,-9.16 11.53,-9.28 11.83,-9.33 12.13,-9.38 12.43,-9.35 12.73,-9.33 13.02,-9.23 13.30,-9.13 13.56,-8.97 13.81,-8.81 14.02,-8.59 14.23,-8.37 14.38,-8.11 14.53,-7.85 14.62,-7.56 14.70,-7.27 14.71,-6.97 14.72,-6.67 14.66,-6.37 14.60,-6.07 14.47,-5.80 14.34,-5.53 13.35,-3.12 12.36,-0.71 11.34,2.01 10.32,4.75 9.76,7.19 9.20,9.63 9.18,11.91 9.16,14.19 9.13,16.88 9.10,19.57 9.10,19.78 9.10,19.99 9.03,20.19 8.96,20.40 8.83,20.56 8.70,20.73 8.52,20.85 8.35,20.97 8.14,21.02 7.94,21.08 7.72,21.07 7.51,21.05 7.32,20.97 7.12,20.89 6.96,20.75 6.80,20.62 6.69,20.43 6.58,20.25 6.54,20.04 6.49,19.83 6.52,19.62 6.54,19.41 6.63,19.22 6.72,19.03 6.87,18.87 7.02,18.72 7.20,18.62 7.39,18.52 7.60,18.49 7.81,18.46 8.02,18.50 8.23,18.53 8.42,18.63 8.61,18.73 8.75,18.89 8.90,19.04 8.98,19.24 9.07,19.43 9.09,19.64 9.11,19.85 9.07,20.06 9.02,20.27 8.91,20.45 8.80,20.63 8.64,20.77 8.47,20.90 8.27,20.98 8.08,21.06 7.86,21.07 7.65,21.08 7.45,21.02 7.24,20.96 7.07,20.84 6.89,20.72 6.77,20.55 6.64,20.38 6.57,20.18 6.51,19.98 6.51,19.98 6.51,19.98 5.61,17.12 4.71,14.27 4.61,11.44 4.50,8.62 5.11,5.83 5.71,3.05 6.74,0.23 7.78,-2.57 8.50,-4.38 9.23,-6.19 9.67,-7.20 10.11,-8.21 10.30,-8.45 10.49,-8.68 10.73,-8.86 10.97,-9.04 11.25,-9.16 11.53,-9.28 11.83,-9.33 12.13,-9.38 12.43,-9.35 12.73,-9.33 13.02,-9.23 13.30,-9.13 13.56,-8.97 13.81,-8.81 14.02,-8.59 14.23,-8.37 14.38,-8.11 14.53,-7.85 14.62,-7.56 14.70,-7.27 14.71,-6.97 14.72,-6.67 14.66,-6.37 14.60,-6.07 14.47,-5.80 14.34,-5.53 14.09,-5.35 13.85,-5.18 13.19,-4.04 12.54,-2.91 11.35,-1.01 10.16,0.89 8.39,3.27 6.63,5.65 4.92,7.47 3.22,9.29 1.44,10.36 -0.32,11.43 -1.81,11.19 -3.29,10.95 -4.37,9.53 -5.46,8.12 -5.54,6.58 -5.62,5.05 -5.37,3.77 -5.13,2.49 -4.29,0.90 -3.46,-0.69 -2.05,-0.91 -0.65,-1.14 -0.50,-1.20 -0.35,-1.26 -0.20,-1.28 -0.04,-1.31 0.11,-1.29 0.26,-1.28 0.41,-1.23 0.56,-1.18 0.70,-1.09 0.83,-1.01 0.94,-0.89 1.05,-0.78 1.13,-0.64 1.21,-0.50 1.25,-0.35 1.29,-0.20 1.30,-0.04 1.30,0.11 1.27,0.26 1.24,0.42 1.17,0.56 1.10,0.70 1.00,0.82 0.90,0.95 0.77,1.04 0.65,1.14 0.65,1.14 L 0.65,1.14 Z"/></g><g transform="translate(247 227) rotate(0 0.25 13)" stroke="none"><path fill="#1e1e1e" d="M 1.31,-0.05 Q 1.31,-0.05 1.92,3.66 2.54,7.38 2.54,11.30 2.55,15.21 2.17,19.63 1.79,24.04 1.76,24.25 1.73,24.46 1.63,24.65 1.53,24.84 1.38,24.99 1.22,25.13 1.03,25.23 0.84,25.32 0.63,25.34 0.42,25.37 0.21,25.32 0.00,25.28 -0.17,25.17 -0.35,25.06 -0.49,24.90 -0.63,24.74 -0.71,24.54 -0.79,24.35 -0.80,24.13 -0.82,23.92 -0.76,23.72 -0.71,23.51 -0.59,23.34 -0.47,23.16 -0.30,23.03 -0.14,22.90 0.05,22.83 0.26,22.76 0.47,22.76 0.68,22.76 0.88,22.82 1.08,22.89 1.25,23.02 1.42,23.14 1.55,23.32 1.67,23.49 1.72,23.70 1.78,23.90 1.77,24.11 1.76,24.33 1.69,24.52 1.61,24.72 1.47,24.88 1.34,25.05 1.16,25.16 0.97,25.27 0.77,25.32 0.56,25.36 0.35,25.34 0.14,25.32 -0.05,25.23 -0.24,25.15 -0.39,25.00 -0.55,24.86 -0.65,24.67 -0.75,24.48 -0.79,24.27 -0.82,24.06 -0.82,24.06 -0.82,24.06 -1.28,19.67 -1.73,15.28 -1.85,11.42 -1.96,7.56 -1.63,3.80 -1.31,0.05 -1.29,-0.10 -1.28,-0.26 -1.23,-0.41 -1.18,-0.56 -1.10,-0.69 -1.01,-0.83 -0.90,-0.94 -0.78,-1.05 -0.64,-1.13 -0.51,-1.20 -0.36,-1.25 -0.20,-1.29 -0.05,-1.30 0.10,-1.30 0.26,-1.27 0.41,-1.24 0.56,-1.17 0.70,-1.10 0.82,-1.00 0.94,-0.90 1.04,-0.78 1.13,-0.65 1.20,-0.50 1.26,-0.36 1.28,-0.20 1.31,-0.05 1.31,-0.05 L 1.31,-0.05 Z"/></g><g transform="translate(233.5 244.5) rotate(0 6.25 2.75)" stroke="none"><path fill="#1e1e1e" d="M 0.52,-1.20 Q 0.52,-1.20 4.18,0.23 7.84,1.66 9.30,2.48 10.77,3.30 10.94,3.42 11.12,3.53 11.25,3.70 11.39,3.86 11.46,4.06 11.53,4.26 11.53,4.48 11.54,4.69 11.47,4.89 11.41,5.09 11.28,5.27 11.16,5.44 10.98,5.56 10.81,5.68 10.61,5.74 10.40,5.80 10.19,5.80 9.98,5.79 9.78,5.71 9.58,5.64 9.42,5.50 9.25,5.37 9.14,5.19 9.03,5.01 8.98,4.80 8.93,4.60 8.95,4.39 8.97,4.17 9.05,3.98 9.14,3.78 9.28,3.63 9.42,3.47 9.61,3.37 9.79,3.27 10.00,3.23 10.21,3.19 10.42,3.22 10.63,3.25 10.82,3.35 11.01,3.44 11.16,3.59 11.31,3.74 11.40,3.94 11.50,4.13 11.52,4.34 11.55,4.55 11.51,4.76 11.47,4.96 11.36,5.15 11.25,5.33 11.09,5.47 10.94,5.61 10.74,5.70 10.54,5.78 10.33,5.79 10.12,5.81 9.91,5.76 9.71,5.70 9.71,5.70 9.71,5.70 8.12,5.18 6.52,4.65 3.00,2.93 -0.52,1.20 -0.66,1.12 -0.80,1.04 -0.91,0.92 -1.02,0.81 -1.11,0.68 -1.19,0.54 -1.24,0.39 -1.28,0.24 -1.30,0.08 -1.31,-0.06 -1.28,-0.22 -1.25,-0.38 -1.19,-0.52 -1.12,-0.67 -1.03,-0.79 -0.93,-0.92 -0.81,-1.01 -0.68,-1.11 -0.54,-1.18 -0.40,-1.25 -0.24,-1.28 -0.09,-1.31 0.06,-1.30 0.22,-1.29 0.37,-1.24 0.52,-1.20 0.52,-1.20 L 0.52,-1.20 Z"/></g><g transform="translate(259.5 247.5) rotate(0 6.5 8.5)" stroke="none"><path fill="#1e1e1e" d="M 0.29,-1.28 Q 0.29,-1.28 3.58,-1.12 6.88,-0.96 9.48,0.14 12.09,1.26 14.00,3.31 15.91,5.36 16.06,7.90 16.21,10.45 13.96,12.84 11.71,15.23 8.45,16.48 5.18,17.74 1.89,17.85 -1.39,17.97 -1.60,17.98 -1.82,18.00 -2.02,17.94 -2.23,17.89 -2.40,17.77 -2.58,17.66 -2.71,17.49 -2.84,17.32 -2.91,17.12 -2.98,16.92 -2.98,16.71 -2.99,16.49 -2.92,16.29 -2.86,16.09 -2.73,15.92 -2.60,15.75 -2.43,15.63 -2.25,15.51 -2.05,15.45 -1.85,15.39 -1.63,15.40 -1.42,15.41 -1.22,15.48 -1.02,15.56 -0.86,15.69 -0.70,15.83 -0.59,16.01 -0.47,16.19 -0.43,16.40 -0.38,16.61 -0.40,16.82 -0.42,17.03 -0.51,17.22 -0.59,17.42 -0.74,17.57 -0.88,17.73 -1.07,17.83 -1.26,17.93 -1.46,17.97 -1.67,18.00 -1.88,17.97 -2.09,17.94 -2.28,17.84 -2.47,17.75 -2.62,17.59 -2.77,17.44 -2.86,17.25 -2.95,17.06 -2.98,16.85 -3.00,16.64 -2.96,16.43 -2.91,16.22 -2.81,16.04 -2.70,15.85 -2.54,15.71 -2.38,15.57 -2.18,15.49 -1.99,15.41 -1.99,15.41 -1.99,15.41 0.64,14.15 3.27,12.89 5.73,11.87 8.19,10.86 10.02,9.40 11.85,7.95 10.90,6.82 9.95,5.70 7.86,4.77 5.76,3.84 2.73,2.56 -0.29,1.28 -0.44,1.22 -0.58,1.17 -0.72,1.08 -0.85,0.99 -0.96,0.88 -1.06,0.76 -1.14,0.62 -1.21,0.48 -1.25,0.33 -1.30,0.18 -1.30,0.02 -1.30,-0.13 -1.27,-0.28 -1.23,-0.44 -1.16,-0.58 -1.09,-0.72 -0.99,-0.84 -0.88,-0.96 -0.75,-1.05 -0.63,-1.15 -0.48,-1.21 -0.33,-1.26 -0.18,-1.29 -0.02,-1.31 0.13,-1.29 0.29,-1.28 0.29,-1.28 L 0.29,-1.28 Z"/></g></svg>